   4.0000000e+00
   8.9300000e+02
   0.0000000e+00
   1.0000000e-01
   2.0000000e-01
   3.0000000e-01
   4.0000000e-01
   5.0000000e-01
   6.0000000e-01
   7.0000000e-01
   8.0000000e-01
   9.0000000e-01
   1.0000000e+00
   1.1000000e+00
   1.2000000e+00
   1.3000000e+00
   1.3333333e+00
   1.4333333e+00
   1.5333333e+00
   1.6333333e+00
   1.7333333e+00
   1.8333333e+00
   1.9333333e+00
   1.9997223e+00
   2.0997223e+00
   2.1997223e+00
   2.2997223e+00
   2.3997223e+00
   2.4997223e+00
   2.5997223e+00
   2.6661112e+00
   2.7661112e+00
   2.8661112e+00
   2.9661112e+00
   3.0661112e+00
   3.1661112e+00
   3.2661112e+00
   3.3325001e+00
   3.4325001e+00
   3.5325001e+00
   3.6325001e+00
   3.7325001e+00
   3.8325001e+00
   3.9325001e+00
   3.9988890e+00
   4.0988890e+00
   4.1988890e+00
   4.2988890e+00
   4.3988890e+00
   4.4988890e+00
   4.5988890e+00
   4.6652780e+00
   4.7652780e+00
   4.8652780e+00
   4.9652780e+00
   5.0652780e+00
   5.1652780e+00
   5.2652780e+00
   5.3316669e+00
   5.4316669e+00
   5.5316669e+00
   5.6316669e+00
   5.7316669e+00
   5.8316669e+00
   5.9316669e+00
   5.9980558e+00
   6.0980558e+00
   6.1980558e+00
   6.2980558e+00
   6.3980558e+00
   6.4980558e+00
   6.5980558e+00
   6.6644447e+00
   6.7644447e+00
   6.8644447e+00
   6.9644447e+00
   7.0644447e+00
   7.1644447e+00
   7.2644447e+00
   7.3308336e+00
   7.4308336e+00
   7.5308336e+00
   7.6308336e+00
   7.7308336e+00
   7.8308336e+00
   7.9308336e+00
   7.9972226e+00
   8.0972226e+00
   8.1972226e+00
   8.2972226e+00
   8.3972226e+00
   8.4972226e+00
   8.5972226e+00
   8.6636115e+00
   8.7636115e+00
   8.8636115e+00
   8.9636115e+00
   9.0636115e+00
   9.1636115e+00
   9.2636115e+00
   9.3300004e+00
   9.4300004e+00
   9.5300004e+00
   9.6300004e+00
   9.7300004e+00
   9.8300004e+00
   9.9300004e+00
   9.9963893e+00
   1.0096389e+01
   1.0196389e+01
   1.0296389e+01
   1.0396389e+01
   1.0496389e+01
   1.0596389e+01
   1.0662778e+01
   1.0762778e+01
   1.0862778e+01
   1.0962778e+01
   1.1062778e+01
   1.1162778e+01
   1.1262778e+01
   1.1329167e+01
   1.1429167e+01
   1.1529167e+01
   1.1629167e+01
   1.1729167e+01
   1.1829167e+01
   1.1929167e+01
   1.1995556e+01
   1.2095556e+01
   1.2195556e+01
   1.2295556e+01
   1.2395556e+01
   1.2495556e+01
   1.2595556e+01
   1.2661945e+01
   1.2761945e+01
   1.2861945e+01
   1.2961945e+01
   1.3061945e+01
   1.3161945e+01
   1.3261945e+01
   1.3328334e+01
   1.3428334e+01
   1.3528334e+01
   1.3628334e+01
   1.3728334e+01
   1.3828334e+01
   1.3928334e+01
   1.3994723e+01
   1.4094723e+01
   1.4194723e+01
   1.4294723e+01
   1.4394723e+01
   1.4494723e+01
   1.4594723e+01
   1.4661112e+01
   1.4761112e+01
   1.4861112e+01
   1.4961112e+01
   1.5061112e+01
   1.5161112e+01
   1.5261112e+01
   1.5327501e+01
   1.5427501e+01
   1.5527501e+01
   1.5627501e+01
   1.5727501e+01
   1.5827501e+01
   1.5927501e+01
   1.5993890e+01
   1.6093890e+01
   1.6193890e+01
   1.6293890e+01
   1.6393890e+01
   1.6493890e+01
   1.6593890e+01
   1.6660279e+01
   1.6760279e+01
   1.6860279e+01
   1.6960279e+01
   1.7060279e+01
   1.7160279e+01
   1.7260279e+01
   1.7326667e+01
   1.7426667e+01
   1.7526667e+01
   1.7626667e+01
   1.7726667e+01
   1.7826667e+01
   1.7926667e+01
   1.7993056e+01
   1.8093056e+01
   1.8193056e+01
   1.8293056e+01
   1.8393056e+01
   1.8493056e+01
   1.8593056e+01
   1.8659445e+01
   1.8759445e+01
   1.8859445e+01
   1.8959445e+01
   1.9059445e+01
   1.9159445e+01
   1.9259445e+01
   1.9325834e+01
   1.9425834e+01
   1.9525834e+01
   1.9625834e+01
   1.9725834e+01
   1.9825834e+01
   1.9925834e+01
   1.9992223e+01
   2.0092223e+01
   2.0192223e+01
   2.0292223e+01
   2.0392223e+01
   2.0492223e+01
   2.0592223e+01
   2.0658612e+01
   2.0758612e+01
   2.0858612e+01
   2.0958612e+01
   2.1058612e+01
   2.1158612e+01
   2.1258612e+01
   2.1325001e+01
   2.1425001e+01
   2.1525001e+01
   2.1625001e+01
   2.1725001e+01
   2.1825001e+01
   2.1925001e+01
   2.1991390e+01
   2.2091390e+01
   2.2191390e+01
   2.2291390e+01
   2.2391390e+01
   2.2491390e+01
   2.2591390e+01
   2.2657779e+01
   2.2757779e+01
   2.2857779e+01
   2.2957779e+01
   2.3057779e+01
   2.3157779e+01
   2.3257779e+01
   2.3324168e+01
   2.3424168e+01
   2.3524168e+01
   2.3624168e+01
   2.3724168e+01
   2.3824168e+01
   2.3924168e+01
   2.3990557e+01
   2.4090557e+01
   2.4190557e+01
   2.4290557e+01
   2.4390557e+01
   2.4490557e+01
   2.4590557e+01
   2.4656946e+01
   2.4756946e+01
   2.4856946e+01
   2.4956946e+01
   2.5056946e+01
   2.5156946e+01
   2.5256946e+01
   2.5323335e+01
   2.5423335e+01
   2.5523335e+01
   2.5623335e+01
   2.5723335e+01
   2.5823335e+01
   2.5923335e+01
   2.5989724e+01
   2.6089724e+01
   2.6189724e+01
   2.6289724e+01
   2.6389724e+01
   2.6489724e+01
   2.6589724e+01
   2.6656112e+01
   2.6756112e+01
   2.6856112e+01
   2.6956112e+01
   2.7056112e+01
   2.7156112e+01
   2.7256112e+01
   2.7322501e+01
   2.7422501e+01
   2.7522501e+01
   2.7622501e+01
   2.7722501e+01
   2.7822501e+01
   2.7922501e+01
   2.7988890e+01
   2.8088890e+01
   2.8188890e+01
   2.8288890e+01
   2.8388890e+01
   2.8488890e+01
   2.8588890e+01
   2.8655279e+01
   2.8755279e+01
   2.8855279e+01
   2.8955279e+01
   2.9055279e+01
   2.9155279e+01
   2.9255279e+01
   2.9321668e+01
   2.9421668e+01
   2.9521668e+01
   2.9621668e+01
   2.9721668e+01
   2.9821668e+01
   2.9921668e+01
   2.9988057e+01
   3.0088057e+01
   3.0188057e+01
   3.0288057e+01
   3.0388057e+01
   3.0488057e+01
   3.0588057e+01
   3.0654446e+01
   3.0754446e+01
   3.0854446e+01
   3.0954446e+01
   3.1054446e+01
   3.1154446e+01
   3.1254446e+01
   3.1320835e+01
   3.1420835e+01
   3.1520835e+01
   3.1620835e+01
   3.1720835e+01
   3.1820835e+01
   3.1920835e+01
   3.1987224e+01
   3.2087224e+01
   3.2187224e+01
   3.2287224e+01
   3.2387224e+01
   3.2487224e+01
   3.2587224e+01
   3.2653613e+01
   3.2753613e+01
   3.2853613e+01
   3.2953613e+01
   3.3053613e+01
   3.3153613e+01
   3.3253613e+01
   3.3320002e+01
   3.3420002e+01
   3.3520002e+01
   3.3620002e+01
   3.3720002e+01
   3.3820002e+01
   3.3920002e+01
   3.3986391e+01
   3.4086391e+01
   3.4186391e+01
   3.4286391e+01
   3.4386391e+01
   3.4486391e+01
   3.4586391e+01
   3.4652780e+01
   3.4752780e+01
   3.4852780e+01
   3.4952780e+01
   3.5052780e+01
   3.5152780e+01
   3.5252780e+01
   3.5319168e+01
   3.5419168e+01
   3.5519168e+01
   3.5619168e+01
   3.5719168e+01
   3.5819168e+01
   3.5919168e+01
   3.5985557e+01
   3.6085557e+01
   3.6185557e+01
   3.6285557e+01
   3.6385557e+01
   3.6485557e+01
   3.6585557e+01
   3.6651946e+01
   3.6751946e+01
   3.6851946e+01
   3.6951946e+01
   3.7051946e+01
   3.7151946e+01
   3.7251946e+01
   3.7318335e+01
   3.7418335e+01
   3.7518335e+01
   3.7618335e+01
   3.7718335e+01
   3.7818335e+01
   3.7918335e+01
   3.7984724e+01
   3.8084724e+01
   3.8184724e+01
   3.8284724e+01
   3.8384724e+01
   3.8484724e+01
   3.8584724e+01
   3.8651113e+01
   3.8751113e+01
   3.8851113e+01
   3.8951113e+01
   3.9051113e+01
   3.9151113e+01
   3.9251113e+01
   3.9317502e+01
   3.9417502e+01
   3.9517502e+01
   3.9617502e+01
   3.9717502e+01
   3.9817502e+01
   3.9917502e+01
   3.9983891e+01
   4.0083891e+01
   4.0183891e+01
   4.0283891e+01
   4.0383891e+01
   4.0483891e+01
   4.0583891e+01
   4.0650280e+01
   4.0750280e+01
   4.0850280e+01
   4.0950280e+01
   4.1050280e+01
   4.1150280e+01
   4.1250280e+01
   4.1316669e+01
   4.1416669e+01
   4.1516669e+01
   4.1616669e+01
   4.1716669e+01
   4.1816669e+01
   4.1916669e+01
   4.1983058e+01
   4.2083058e+01
   4.2183058e+01
   4.2283058e+01
   4.2383058e+01
   4.2483058e+01
   4.2583058e+01
   4.2649447e+01
   4.2749447e+01
   4.2849447e+01
   4.2949447e+01
   4.3049447e+01
   4.3149447e+01
   4.3203855e+01
   4.3303855e+01
   4.3403855e+01
   4.3503855e+01
   4.3603855e+01
   4.3703855e+01
   4.3803855e+01
   4.3903855e+01
   4.4003855e+01
   4.4103855e+01
   4.4203855e+01
   4.4303855e+01
   4.4403855e+01
   4.4503855e+01
   4.4537189e+01
   4.4637189e+01
   4.4737189e+01
   4.4837189e+01
   4.4937189e+01
   4.5037189e+01
   4.5137189e+01
   4.5237189e+01
   4.5337189e+01
   4.5437189e+01
   4.5537189e+01
   4.5637189e+01
   4.5737189e+01
   4.5837189e+01
   4.5937189e+01
   4.6037189e+01
   4.6137189e+01
   4.6237189e+01
   4.6337189e+01
   4.6437189e+01
   4.6537189e+01
   4.6637189e+01
   4.6737189e+01
   4.6837189e+01
   4.6937189e+01
   4.7037189e+01
   4.7137189e+01
   4.7237189e+01
   4.7282690e+01
   4.7382690e+01
   4.7482690e+01
   4.7582690e+01
   4.7682690e+01
   4.7782690e+01
   4.7882690e+01
   4.7982690e+01
   4.8082690e+01
   4.8182690e+01
   4.8282690e+01
   4.8382690e+01
   4.8482690e+01
   4.8582690e+01
   4.8616023e+01
   4.8716023e+01
   4.8816023e+01
   4.8916023e+01
   4.9016023e+01
   4.9116023e+01
   4.9216023e+01
   4.9316023e+01
   4.9416023e+01
   4.9516023e+01
   4.9616023e+01
   4.9716023e+01
   4.9816023e+01
   4.9916023e+01
   5.0016023e+01
   5.0116023e+01
   5.0216023e+01
   5.0316023e+01
   5.0416023e+01
   5.0516023e+01
   5.0616023e+01
   5.0716023e+01
   5.0816023e+01
   5.0916023e+01
   5.1016023e+01
   5.1116023e+01
   5.1216023e+01
   5.1316023e+01
   5.1416023e+01
   5.1516023e+01
   5.1616023e+01
   5.1716023e+01
   5.1816023e+01
   5.1916023e+01
   5.2016023e+01
   5.2116023e+01
   5.2216023e+01
   5.2316023e+01
   5.2416023e+01
   5.2516023e+01
   5.2616023e+01
   5.2716023e+01
   5.2816023e+01
   5.2916023e+01
   5.3016023e+01
   5.3116023e+01
   5.3216023e+01
   5.3316023e+01
   5.3416023e+01
   5.3516023e+01
   5.3616023e+01
   5.3716023e+01
   5.3816023e+01
   5.3916023e+01
   5.4016023e+01
   5.4116023e+01
   5.4216023e+01
   5.4316023e+01
   5.4416023e+01
   5.4516023e+01
   5.4616023e+01
   5.4716023e+01
   5.4816023e+01
   5.4916023e+01
   5.5016023e+01
   5.5116023e+01
   5.5216023e+01
   5.5316023e+01
   5.5416023e+01
   5.5516023e+01
   5.5616023e+01
   5.5716023e+01
   5.5796243e+01
   5.5896243e+01
   5.5996243e+01
   5.6096243e+01
   5.6196243e+01
   5.6296243e+01
   5.6396243e+01
   5.6496243e+01
   5.6596243e+01
   5.6696243e+01
   5.6796243e+01
   5.6896243e+01
   5.6996243e+01
   5.7096243e+01
   5.7196243e+01
   5.7296243e+01
   5.7396243e+01
   5.7496243e+01
   5.7596243e+01
   5.7696243e+01
   5.7796243e+01
   5.7896243e+01
   5.7996243e+01
   5.8096243e+01
   5.8196243e+01
   5.8296243e+01
   5.8396243e+01
   5.8496243e+01
   5.8596243e+01
   5.8696243e+01
   5.8796243e+01
   5.8896243e+01
   5.8996243e+01
   5.9096243e+01
   5.9196243e+01
   5.9296243e+01
   5.9396243e+01
   5.9496243e+01
   5.9596243e+01
   5.9696243e+01
   5.9796243e+01
   5.9896243e+01
   5.9996243e+01
   6.0096243e+01
   6.0196243e+01
   6.0296243e+01
   6.0396243e+01
   6.0496243e+01
   6.0596243e+01
   6.0696243e+01
   6.0796243e+01
   6.0827700e+01
   6.0927700e+01
   6.1027700e+01
   6.1127700e+01
   6.1227700e+01
   6.1327700e+01
   6.1427700e+01
   6.1527700e+01
   6.1627700e+01
   6.1727700e+01
   6.1827700e+01
   6.1927700e+01
   6.2027700e+01
   6.2127700e+01
   6.2227700e+01
   6.2327700e+01
   6.2427700e+01
   6.2527700e+01
   6.2627700e+01
   6.2727700e+01
   6.2827700e+01
   6.2927700e+01
   6.3027700e+01
   6.3127700e+01
   6.3227700e+01
   6.3327700e+01
   6.3427700e+01
   6.3527700e+01
   6.3627700e+01
   6.3727700e+01
   6.3827700e+01
   6.3927700e+01
   6.4027700e+01
   6.4127700e+01
   6.4227700e+01
   6.4327700e+01
   6.4427700e+01
   6.4527700e+01
   6.4627700e+01
   6.4727700e+01
   6.4827700e+01
   6.4927700e+01
   6.5027700e+01
   6.5127700e+01
   6.5227700e+01
   6.5327700e+01
   6.5427700e+01
   6.5527700e+01
   6.5627700e+01
   6.5727700e+01
   6.5827700e+01
   6.5859156e+01
   6.5959156e+01
   6.6059156e+01
   6.6159156e+01
   6.6259156e+01
   6.6359156e+01
   6.6459156e+01
   6.6559156e+01
   6.6659156e+01
   6.6759156e+01
   6.6859156e+01
   6.6959156e+01
   6.7059156e+01
   6.7159156e+01
   6.7259156e+01
   6.7359156e+01
   6.7459156e+01
   6.7559156e+01
   6.7659156e+01
   6.7759156e+01
   6.7859156e+01
   6.7959156e+01
   6.8059156e+01
   6.8159156e+01
   6.8259156e+01
   6.8359156e+01
   6.8459156e+01
   6.8559156e+01
   6.8659156e+01
   6.8759156e+01
   6.8859156e+01
   6.8959156e+01
   6.9059156e+01
   6.9159156e+01
   6.9259156e+01
   6.9359156e+01
   6.9459156e+01
   6.9559156e+01
   6.9659156e+01
   6.9759156e+01
   6.9859156e+01
   6.9959156e+01
   7.0059156e+01
   7.0159156e+01
   7.0259156e+01
   7.0359156e+01
   7.0459156e+01
   7.0559156e+01
   7.0659156e+01
   7.0759156e+01
   7.0859156e+01
   7.0959156e+01
   7.1059156e+01
   7.1159156e+01
   7.1259156e+01
   7.1359156e+01
   7.1459156e+01
   7.1559156e+01
   7.1659156e+01
   7.1759156e+01
   7.1859156e+01
   7.1959156e+01
   7.2059156e+01
   7.2159156e+01
   7.2259156e+01
   7.2359156e+01
   7.2459156e+01
   7.2559156e+01
   7.2659156e+01
   7.2759156e+01
   7.2859156e+01
   7.2959156e+01
   7.3039376e+01
   7.3139376e+01
   7.3239376e+01
   7.3339376e+01
   7.3439376e+01
   7.3539376e+01
   7.3639376e+01
   7.3739376e+01
   7.3839376e+01
   7.3939376e+01
   7.4039376e+01
   7.4139376e+01
   7.4239376e+01
   7.4339376e+01
   7.4372709e+01
   7.4472709e+01
   7.4572709e+01
   7.4672709e+01
   7.4772709e+01
   7.4872709e+01
   7.4972709e+01
   7.5072709e+01
   7.5172709e+01
   7.5272709e+01
   7.5372709e+01
   7.5472709e+01
   7.5572709e+01
   7.5672709e+01
   7.5772709e+01
   7.5872709e+01
   7.5972709e+01
   7.6072709e+01
   7.6172709e+01
   7.6272709e+01
   7.6372709e+01
   7.6472709e+01
   7.6572709e+01
   7.6672709e+01
   7.6772709e+01
   7.6872709e+01
   7.6972709e+01
   7.7072709e+01
   7.7172709e+01
   7.7272709e+01
   7.7372709e+01
   7.7472709e+01
   7.7572709e+01
   7.7672709e+01
   7.7772709e+01
   7.7872709e+01
   7.7972709e+01
   7.8072709e+01
   7.8172709e+01
   7.8272709e+01
   7.8372709e+01
   7.8472709e+01
   7.8572709e+01
   7.8672709e+01
   7.8772709e+01
   7.8872709e+01
   7.8972709e+01
   7.9072709e+01
   7.9172709e+01
   7.9272709e+01
   7.9372709e+01
   7.9472709e+01
   7.9572709e+01
   7.9672709e+01
   7.9772709e+01
   7.9872709e+01
   7.9972709e+01
   8.0072709e+01
   8.0172709e+01
   8.0272709e+01
   8.0372709e+01
   8.0472709e+01
   8.0572709e+01
   8.0672709e+01
   8.0772709e+01
   8.0872709e+01
   8.0972709e+01
   8.1072709e+01
   8.1172709e+01
   8.1272709e+01
   8.1372709e+01
   8.1472709e+01
   8.1572709e+01
   8.1672709e+01
   8.1772709e+01
   8.1872709e+01
   8.1972709e+01
   8.2072709e+01
   8.2172709e+01
   8.2272709e+01
   8.2372709e+01
   8.2472709e+01
   8.2572709e+01
   8.2672709e+01
   8.2772709e+01
   8.2872709e+01
   8.2972709e+01
   8.3072709e+01
   8.3172709e+01
   8.3272709e+01
   8.3372709e+01
   8.3472709e+01
   8.3572709e+01
   8.3672709e+01
   8.3772709e+01
   8.3872709e+01
   8.3972709e+01
   8.4072709e+01
   8.4172709e+01
   8.4272709e+01
   8.4372709e+01
   8.4472709e+01
   8.4572709e+01
   8.4672709e+01
   8.4772709e+01
   8.4872709e+01
   8.4972709e+01
   8.5072709e+01
   8.5172709e+01
   8.5272709e+01
   8.5372709e+01
   8.5472709e+01
   8.5572709e+01
   8.5672709e+01
   8.5772709e+01
   8.5872709e+01
   8.5972709e+01
   8.6072709e+01
   8.6172709e+01
   8.6272709e+01
   8.6372709e+01
   8.6472709e+01
   8.6572709e+01
  -5.5161047e+01
  -5.5161047e+01
  -5.5161047e+01
  -5.5161047e+01
  -5.5161047e+01
  -5.5161047e+01
  -5.5161047e+01
  -5.5161047e+01
  -5.5161047e+01
  -5.5161047e+01
  -5.5161047e+01
  -5.5161047e+01
  -5.5161047e+01
  -5.5161047e+01
  -5.5161047e+01
  -5.4754372e+01
  -5.4327997e+01
  -5.3882201e+01
  -5.3417262e+01
  -5.2933455e+01
  -5.2431057e+01
  -5.2431057e+01
  -5.2021409e+01
  -5.1591682e+01
  -5.1142129e+01
  -5.0673003e+01
  -5.0184557e+01
  -4.9677048e+01
  -4.9677048e+01
  -4.9260479e+01
  -4.8823388e+01
  -4.8365998e+01
  -4.7888536e+01
  -4.7391233e+01
  -4.6874325e+01
  -4.6874325e+01
  -4.6446766e+01
  -4.5998158e+01
  -4.5528695e+01
  -4.5038578e+01
  -4.4528012e+01
  -4.3997214e+01
  -4.3997214e+01
  -4.3554382e+01
  -4.3089875e+01
  -4.2603856e+01
  -4.2096498e+01
  -4.1567984e+01
  -4.1018509e+01
  -4.1018509e+01
  -4.0555807e+01
  -4.0070684e+01
  -3.9563275e+01
  -3.9033724e+01
  -3.8482194e+01
  -3.7908860e+01
  -3.7908860e+01
  -3.7421263e+01
  -3.6910364e+01
  -3.6376267e+01
  -3.5819096e+01
  -3.5238991e+01
  -3.4636110e+01
  -3.4636110e+01
  -3.4118046e+01
  -3.3575646e+01
  -3.3008990e+01
  -3.2418178e+01
  -3.1803334e+01
  -3.1164606e+01
  -3.1164606e+01
  -3.0609836e+01
  -3.0029530e+01
  -2.9423746e+01
  -2.8792569e+01
  -2.8136112e+01
  -2.7454518e+01
  -2.7454518e+01
  -2.6856022e+01
  -2.6230613e+01
  -2.5578337e+01
  -2.4899271e+01
  -2.4193527e+01
  -2.3461258e+01
  -2.3461258e+01
  -2.2811137e+01
  -2.2132556e+01
  -2.1425555e+01
  -2.0690219e+01
  -1.9926677e+01
  -1.9135105e+01
  -1.9135105e+01
  -1.8424549e+01
  -1.7683830e+01
  -1.6913005e+01
  -1.6112187e+01
  -1.5281545e+01
  -1.4421306e+01
  -1.4421306e+01
  -1.3640654e+01
  -1.2828033e+01
  -1.1983548e+01
  -1.1107370e+01
  -1.0199744e+01
  -9.2609853e+00
  -9.2609853e+00
  -8.3999697e+00
  -7.5051756e+00
  -6.5767979e+00
  -5.6151156e+00
  -4.6204954e+00
  -3.5933960e+00
  -3.5933960e+00
  -2.6416647e+00
  -1.6545112e+00
  -6.3227951e-01
   4.2458205e-01
   1.5155167e+00
   2.6398561e+00
   2.6398561e+00
   3.6918177e+00
   4.7804260e+00
   5.9051110e+00
   7.0651756e+00
   8.2597933e+00
   9.4880067e+00
   9.4880067e+00
   1.0647478e+01
   1.1844059e+01
   1.3076865e+01
   1.4344864e+01
   1.5646876e+01
   1.6981577e+01
   1.6981577e+01
   1.8251765e+01
   1.9558371e+01
   2.0900113e+01
   2.2275548e+01
   2.3683080e+01
   2.5120964e+01
   2.5120964e+01
   2.6499021e+01
   2.7911301e+01
   2.9356073e+01
   3.0831453e+01
   3.2335413e+01
   3.3865798e+01
   3.3865798e+01
   3.5341306e+01
   3.6847177e+01
   3.8381255e+01
   3.9941254e+01
   4.1524783e+01
   4.3129362e+01
   4.3129362e+01
   4.4684091e+01
   4.6263838e+01
   4.7866127e+01
   4.9488406e+01
   5.1128067e+01
   5.2782472e+01
   5.2782472e+01
   5.4391990e+01
   5.6020250e+01
   5.7664638e+01
   5.9322526e+01
   6.0991291e+01
   6.2668343e+01
   6.2668343e+01
   6.4305318e+01
   6.5954621e+01
   6.7613704e+01
   6.9280064e+01
   7.0951258e+01
   7.2624927e+01
   7.2624927e+01
   7.4263082e+01
   7.5907789e+01
   7.7556737e+01
   7.9207699e+01
   8.0858545e+01
   8.2507262e+01
   8.2507262e+01
   8.4124649e+01
   8.5743980e+01
   8.7363274e+01
   8.8980656e+01
   9.0594369e+01
   9.2202777e+01
   9.2202777e+01
   9.3783486e+01
   9.5362888e+01
   9.6939359e+01
   9.8511382e+01
   1.0007756e+02
   1.0163661e+02
   1.0163661e+02
   1.0317086e+02
   1.0470184e+02
   1.0622824e+02
   1.0774886e+02
   1.0926262e+02
   1.1076854e+02
   1.1076854e+02
   1.1225172e+02
   1.1373071e+02
   1.1520446e+02
   1.1667204e+02
  -2.4186738e+02
  -2.4041457e+02
  -2.4041457e+02
  -2.3898330e+02
  -2.3755639e+02
  -2.3613465e+02
  -2.3471880e+02
  -2.3330952e+02
  -2.3190737e+02
  -2.3190737e+02
  -2.3052645e+02
  -2.2914951e+02
  -2.2777720e+02
  -2.2641009e+02
  -2.2504872e+02
  -2.2369352e+02
  -2.2369352e+02
  -2.2236003e+02
  -2.2102981e+02
  -2.1970338e+02
  -2.1838121e+02
  -2.1706372e+02
  -2.1575126e+02
  -2.1575126e+02
  -2.1446170e+02
  -2.1317450e+02
  -2.1189008e+02
  -2.1060884e+02
  -2.0933111e+02
  -2.0805719e+02
  -2.0805719e+02
  -2.0680797e+02
  -2.0556009e+02
  -2.0431391e+02
  -2.0306974e+02
  -2.0182788e+02
  -2.0058855e+02
  -2.0058855e+02
  -1.9937629e+02
  -1.9816430e+02
  -1.9695287e+02
  -1.9574230e+02
  -1.9453280e+02
  -1.9332458e+02
  -1.9332458e+02
  -1.9214626e+02
  -1.9096711e+02
  -1.8978740e+02
  -1.8860737e+02
  -1.8742722e+02
  -1.8624712e+02
  -1.8624712e+02
  -1.8510014e+02
  -1.8395125e+02
  -1.8280069e+02
  -1.8164866e+02
  -1.8049533e+02
  -1.7934085e+02
  -1.7934085e+02
  -1.7822309e+02
  -1.7710236e+02
  -1.7597886e+02
  -1.7485277e+02
  -1.7372424e+02
  -1.7259339e+02
  -1.7259339e+02
  -1.7150319e+02
  -1.7040898e+02
  -1.6931094e+02
  -1.6820921e+02
  -1.6710394e+02
  -1.6599520e+02
  -1.6599520e+02
  -1.6493135e+02
  -1.6386248e+02
  -1.6278875e+02
  -1.6171028e+02
  -1.6062717e+02
  -1.5953951e+02
  -1.5953951e+02
  -1.5850125e+02
  -1.5745698e+02
  -1.5640685e+02
  -1.5535096e+02
  -1.5428938e+02
  -1.5322218e+02
  -1.5322218e+02
  -1.5220917e+02
  -1.5118921e+02
  -1.5016241e+02
  -1.4912885e+02
  -1.4808859e+02
  -1.4704169e+02
  -1.4704169e+02
  -1.4605402e+02
  -1.4505846e+02
  -1.4405513e+02
  -1.4304408e+02
  -1.4202538e+02
  -1.4099903e+02
  -1.4099903e+02
  -1.4003716e+02
  -1.3906653e+02
  -1.3808722e+02
  -1.3709928e+02
  -1.3610274e+02
  -1.3509763e+02
  -1.3509763e+02
  -1.3416243e+02
  -1.3321763e+02
  -1.3226328e+02
  -1.3129943e+02
  -1.3032610e+02
  -1.2934330e+02
  -1.2934330e+02
  -1.2843600e+02
  -1.2751828e+02
  -1.2659019e+02
  -1.2565179e+02
  -1.2470308e+02
  -1.2374406e+02
  -1.2374406e+02
  -1.2286619e+02
  -1.2197713e+02
  -1.2107695e+02
  -1.2016567e+02
  -1.1924331e+02
  -1.1830988e+02
  -1.1830988e+02
  -1.1746321e+02
  -1.1660464e+02
  -1.1573422e+02
  -1.1485200e+02
  -1.1395800e+02
  -1.1305221e+02
  -1.1305221e+02
  -1.1223866e+02
  -1.1141252e+02
  -1.1057387e+02
  -1.0972277e+02
  -1.0885924e+02
  -1.0798331e+02
  -1.0798331e+02
  -1.0720475e+02
  -1.0641298e+02
  -1.0560808e+02
  -1.0479012e+02
  -1.0395917e+02
  -1.0311525e+02
  -1.0311525e+02
  -1.0237338e+02
  -1.0161768e+02
  -1.0084828e+02
  -1.0006527e+02
  -9.9268746e+01
  -9.8458763e+01
  -9.8458763e+01
  -9.7754812e+01
  -9.7036461e+01
  -9.6303861e+01
  -9.5557146e+01
  -9.4796431e+01
  -9.4021815e+01
  -9.4021815e+01
  -9.3356388e+01
  -9.2676002e+01
  -9.1980844e+01
  -9.1271084e+01
  -9.0546876e+01
  -8.9808356e+01
  -8.9808356e+01
  -8.9181229e+01
  -8.8538598e+01
  -8.7880688e+01
  -8.7207706e+01
  -8.6519846e+01
  -8.5817283e+01
  -8.5817283e+01
  -8.5227314e+01
  -8.4621311e+01
  -8.3999535e+01
  -8.3362231e+01
  -8.2709630e+01
  -8.2041947e+01
  -8.2041947e+01
  -8.1487079e+01
  -8.0915669e+01
  -8.0328011e+01
  -7.9724384e+01
  -7.9105052e+01
  -7.8470266e+01
  -7.8470266e+01
  -7.7947636e+01
  -7.7407987e+01
  -7.6851641e+01
  -7.6278903e+01
  -7.5690067e+01
  -7.5085411e+01
  -7.5085411e+01
  -7.4591528e+01
  -7.4080187e+01
  -7.3551730e+01
  -7.3006485e+01
  -7.2444765e+01
  -7.1866871e+01
  -7.1866871e+01
  -7.1397819e+01
  -7.0910914e+01
  -7.0406510e+01
  -6.9884948e+01
  -6.9346555e+01
  -6.8791644e+01
  -6.8791644e+01
  -6.8343280e+01
  -6.7876711e+01
  -6.7392294e+01
  -6.6890372e+01
  -6.6371280e+01
  -6.5835337e+01
  -6.5835337e+01
  -6.5403449e+01
  -6.4953036e+01
  -6.4484452e+01
  -6.3998036e+01
  -6.3494120e+01
  -6.2973026e+01
  -6.2973026e+01
  -6.2553434e+01
  -6.2115020e+01
  -6.1658124e+01
  -6.1183078e+01
  -6.0690203e+01
  -6.0179815e+01
  -6.0179815e+01
  -5.9768428e+01
  -5.9337925e+01
  -5.8888630e+01
  -5.8420857e+01
  -5.7934916e+01
  -5.7431113e+01
  -5.7431113e+01
  -5.7014866e+01
  -5.6579439e+01
  -5.6125131e+01
  -5.5652237e+01
  -5.5161047e+01
  -5.5161047e+01
  -5.5161047e+01
  -5.5161047e+01
  -5.5161047e+01
  -5.5161047e+01
  -5.5161047e+01
  -5.5161047e+01
  -5.5161047e+01
  -5.5161047e+01
  -5.5161047e+01
  -5.5161047e+01
  -5.5161047e+01
  -5.5161047e+01
  -5.5161047e+01
  -5.5161047e+01
  -5.5292258e+01
  -5.5401413e+01
  -5.5488803e+01
  -5.5554675e+01
  -5.5599237e+01
  -5.5622663e+01
  -5.5625095e+01
  -5.5606649e+01
  -5.5567413e+01
  -5.5507456e+01
  -5.5426825e+01
  -5.5325551e+01
  -5.5203648e+01
  -5.5061117e+01
  -5.4897949e+01
  -5.4714122e+01
  -5.4509609e+01
  -5.4284373e+01
  -5.4038376e+01
  -5.3771574e+01
  -5.3483922e+01
  -5.3175375e+01
  -5.2845889e+01
  -5.2495424e+01
  -5.2123942e+01
  -5.1731413e+01
  -5.1317813e+01
  -5.1317813e+01
  -5.1317813e+01
  -5.1317813e+01
  -5.1317813e+01
  -5.1317813e+01
  -5.1317813e+01
  -5.1317813e+01
  -5.1317813e+01
  -5.1317813e+01
  -5.1317813e+01
  -5.1317813e+01
  -5.1317813e+01
  -5.1317813e+01
  -5.1317813e+01
  -5.1317813e+01
  -5.2382731e+01
  -5.3446490e+01
  -5.4508853e+01
  -5.5569560e+01
  -5.6628332e+01
  -5.7684870e+01
  -5.8738856e+01
  -5.9789952e+01
  -6.0837799e+01
  -6.1882025e+01
  -6.2922237e+01
  -6.3958026e+01
  -6.4988971e+01
  -6.6014632e+01
  -6.7034559e+01
  -6.8048289e+01
  -6.9055350e+01
  -7.0055259e+01
  -7.1047526e+01
  -7.2031655e+01
  -7.3007145e+01
  -7.3973492e+01
  -7.4930191e+01
  -7.5876738e+01
  -7.6812630e+01
  -7.7737366e+01
  -7.8650452e+01
  -7.9551402e+01
  -8.0439735e+01
  -8.1314981e+01
  -8.2176682e+01
  -8.3024391e+01
  -8.3857675e+01
  -8.4676115e+01
  -8.5479308e+01
  -8.6266867e+01
  -8.7038424e+01
  -8.7793627e+01
  -8.8532141e+01
  -8.9253653e+01
  -8.9957866e+01
  -9.0644503e+01
  -9.1313307e+01
  -9.1964039e+01
  -9.2596478e+01
  -9.3210423e+01
  -9.3805689e+01
  -9.4382110e+01
  -9.4939535e+01
  -9.5477832e+01
  -9.5996880e+01
  -9.6496576e+01
  -9.6976829e+01
  -9.7437560e+01
  -9.7878703e+01
  -9.8300202e+01
  -9.8702008e+01
  -9.9084082e+01
  -9.9446393e+01
  -9.9788914e+01
  -1.0011162e+02
  -1.0041450e+02
  -1.0069753e+02
  -1.0096069e+02
  -1.0120397e+02
  -1.0142735e+02
  -1.0163079e+02
  -1.0181428e+02
  -1.0197777e+02
  -1.0212123e+02
  -1.0224458e+02
  -1.0224458e+02
  -1.0304192e+02
  -1.0382866e+02
  -1.0460541e+02
  -1.0537272e+02
  -1.0613110e+02
  -1.0688103e+02
  -1.0762295e+02
  -1.0835727e+02
  -1.0908440e+02
  -1.0980470e+02
  -1.1051851e+02
  -1.1122617e+02
  -1.1192799e+02
  -1.1262426e+02
  -1.1331528e+02
  -1.1400131e+02
  -1.1468261e+02
  -1.1535944e+02
  -1.1603203e+02
  -1.1670063e+02
  -1.1736545e+02
  -1.1802673e+02
  -1.1868467e+02
  -1.1933950e+02
  -1.1999142e+02
  -1.2064065e+02
  -1.2128739e+02
  -1.2193184e+02
  -1.2257421e+02
  -1.2321472e+02
  -1.2385357e+02
  -1.2449098e+02
  -1.2512717e+02
  -1.2576237e+02
  -1.2639680e+02
  -1.2703072e+02
  -1.2766437e+02
  -1.2829802e+02
  -1.2893195e+02
  -1.2956647e+02
  -1.3020189e+02
  -1.3083856e+02
  -1.3147685e+02
  -1.3211716e+02
  -1.3275995e+02
  -1.3340569e+02
  -1.3405493e+02
  -1.3470828e+02
  -1.3536642e+02
  -1.3603010e+02
  -1.3603010e+02
  -1.3755669e+02
  -1.3900281e+02
  -1.4036962e+02
  -1.4165869e+02
  -1.4287189e+02
  -1.4401134e+02
  -1.4507934e+02
  -1.4607832e+02
  -1.4701080e+02
  -1.4787933e+02
  -1.4868649e+02
  -1.4943482e+02
  -1.5012685e+02
  -1.5076501e+02
  -1.5135170e+02
  -1.5188923e+02
  -1.5237981e+02
  -1.5282556e+02
  -1.5322852e+02
  -1.5359062e+02
  -1.5391371e+02
  -1.5419952e+02
  -1.5444970e+02
  -1.5466581e+02
  -1.5484934e+02
  -1.5500165e+02
  -1.5512406e+02
  -1.5521780e+02
  -1.5528400e+02
  -1.5532376e+02
  -1.5533809e+02
  -1.5532792e+02
  -1.5529415e+02
  -1.5523759e+02
  -1.5515902e+02
  -1.5505915e+02
  -1.5493863e+02
  -1.5479809e+02
  -1.5463810e+02
  -1.5445916e+02
  -1.5426176e+02
  -1.5404633e+02
  -1.5381327e+02
  -1.5356294e+02
  -1.5329565e+02
  -1.5301169e+02
  -1.5271129e+02
  -1.5239466e+02
  -1.5206199e+02
  -1.5171339e+02
  -1.5171339e+02
  -1.5277126e+02
  -1.5383309e+02
  -1.5489940e+02
  -1.5597070e+02
  -1.5704752e+02
  -1.5813036e+02
  -1.5921973e+02
  -1.6031615e+02
  -1.6142012e+02
  -1.6253215e+02
  -1.6365274e+02
  -1.6478241e+02
  -1.6592166e+02
  -1.6707100e+02
  -1.6823093e+02
  -1.6940195e+02
  -1.7058455e+02
  -1.7177923e+02
  -1.7298647e+02
  -1.7420675e+02
  -1.7544053e+02
  -1.7668826e+02
  -1.7795037e+02
  -1.7922727e+02
  -1.8051936e+02
  -1.8182700e+02
  -1.8315051e+02
  -1.8449020e+02
  -1.8584630e+02
  -1.8721903e+02
  -1.8860853e+02
  -1.9001488e+02
  -1.9143811e+02
  -1.9287815e+02
  -1.9433487e+02
  -1.9580805e+02
  -1.9729734e+02
  -1.9880232e+02
  -2.0032245e+02
  -2.0185706e+02
  -2.0340536e+02
  -2.0496644e+02
  -2.0653925e+02
  -2.0812259e+02
  -2.0971515e+02
  -2.1131547e+02
  -2.1292194e+02
  -2.1453284e+02
  -2.1614633e+02
  -2.1776046e+02
  -2.1937315e+02
  -2.2098225e+02
  -2.2258555e+02
  -2.2418077e+02
  -2.2576560e+02
  -2.2733769e+02
  -2.2889473e+02
  -2.3043440e+02
  -2.3195445e+02
  -2.3345268e+02
  -2.3492698e+02
  -2.3637532e+02
  -2.3779582e+02
  -2.3918670e+02
  -2.4054633e+02
  -2.4187323e+02
  -2.4316606e+02
  -2.4442366e+02
  -2.4564500e+02
  -2.4682925e+02
   1.1202431e+02
   1.1202431e+02
   1.1202431e+02
   1.1202431e+02
   1.1202431e+02
   1.1202431e+02
   1.1202431e+02
   1.1202431e+02
   1.1202431e+02
   1.1202431e+02
   1.1202431e+02
   1.1202431e+02
   1.1202431e+02
   1.1202431e+02
   1.1202431e+02
   1.1202431e+02
  -2.4825532e+02
  -2.4851721e+02
  -2.4876025e+02
  -2.4898315e+02
  -2.4918453e+02
  -2.4936280e+02
  -2.4951620e+02
  -2.4964275e+02
  -2.4974023e+02
  -2.4980611e+02
  -2.4983756e+02
  -2.4983136e+02
  -2.4978385e+02
  -2.4969086e+02
  -2.4954761e+02
  -2.4934862e+02
  -2.4908759e+02
  -2.4875721e+02
  -2.4834902e+02
  -2.4785317e+02
  -2.4725815e+02
  -2.4655043e+02
  -2.4571412e+02
  -2.4473046e+02
  -2.4357723e+02
  -2.4222815e+02
  -2.4065208e+02
  -2.3881229e+02
  -2.3666570e+02
  -2.3416239e+02
  -2.3124580e+02
  -2.2785399e+02
  -2.2392324e+02
  -2.1939493e+02
  -2.1422717e+02
  -2.0841125e+02
  -2.0199061e+02
  -1.9507548e+02
  -1.8784340e+02
  -1.8051837e+02
  -1.7333205e+02
  -1.6648242e+02
  -1.6010674e+02
  -1.5427587e+02
  -1.4900501e+02
  -1.4427120e+02
  -1.4003007e+02
  -1.3622829e+02
  -1.3281148e+02
  -1.2972851e+02
  -1.2693355e+02
  -1.2438652e+02
  -1.2205299e+02
  -1.1990360e+02
  -1.1791345e+02
  -1.1606145e+02
  -1.1432971e+02
  -1.1270306e+02
  -1.1116855e+02
  -1.0971515e+02
  -1.0833338e+02
  -1.0701508e+02
  -1.0575323e+02
  -1.0454171e+02
  -1.0337519e+02
  -1.0224902e+02
  -1.0115912e+02
  -1.0010189e+02
  -9.9074151e+01
  -9.8073072e+01
  -9.7096137e+01
  -9.6141099e+01
  -9.5205939e+01
  -9.4288843e+01
  -9.3388169e+01
  -9.2502434e+01
  -9.1630287e+01
  -9.0770496e+01
  -8.9921937e+01
  -8.9083575e+01
  -8.8254458e+01
  -8.7433710e+01
  -8.6620513e+01
  -8.5814112e+01
  -8.5013799e+01
  -8.4218912e+01
  -8.3428831e+01
  -8.2642968e+01
  -8.1860769e+01
  -8.1081706e+01
  -8.0305278e+01
  -7.9531001e+01
  -7.8758414e+01
  -7.7987070e+01
  -7.7216535e+01
  -7.6446387e+01
  -7.5676214e+01
  -7.4905611e+01
  -7.4134177e+01
  -7.3361517e+01
  -7.2587235e+01
  -7.1810936e+01
  -7.1032224e+01
  -7.0250698e+01
  -6.9465950e+01
  -6.8677567e+01
  -6.7885125e+01
  -6.7088187e+01
  -6.6286303e+01
  -6.5479006e+01
  -6.4665810e+01
  -6.3846204e+01
  -6.3019653e+01
  -6.2185591e+01
  -6.1343420e+01
  -6.0492501e+01
  -5.9632151e+01
  -5.8761637e+01
  -5.7880168e+01
  -5.6986884e+01
  -5.6080852e+01
  -5.5161047e+01
   7.6923606e+01
   7.6923606e+01
   7.6923606e+01
   7.6923606e+01
   7.6923606e+01
   7.6923606e+01
   7.6923606e+01
   7.6923606e+01
   7.6923606e+01
   7.6923606e+01
   7.6923606e+01
   7.6923606e+01
   7.6923606e+01
   7.6923606e+01
   7.6923606e+01
   7.7552423e+01
   7.8154334e+01
   7.8729586e+01
   7.9278402e+01
   7.9800979e+01
   8.0297493e+01
   8.0297493e+01
   8.0943725e+01
   8.1563680e+01
   8.2157560e+01
   8.2725544e+01
   8.3267792e+01
   8.3784442e+01
   8.3784442e+01
   8.4444072e+01
   8.5078025e+01
   8.5686457e+01
   8.6269503e+01
   8.6827277e+01
   8.7359877e+01
   8.7359877e+01
   8.8029196e+01
   8.8673392e+01
   8.9292572e+01
   8.9886821e+01
   9.0456210e+01
   9.1000794e+01
   9.1000794e+01
   9.1676318e+01
   9.2327208e+01
   9.2953518e+01
   9.3555286e+01
   9.4132534e+01
   9.4685272e+01
   9.4685272e+01
   9.5363655e+01
   9.6017807e+01
   9.6647731e+01
   9.7253416e+01
   9.7834834e+01
   9.8391949e+01
   9.8391949e+01
   9.9069885e+01
   9.9723894e+01
   1.0035392e+02
   1.0095991e+02
   1.0154179e+02
   1.0209946e+02
   1.0209946e+02
   1.0277358e+02
   1.0342397e+02
   1.0405051e+02
   1.0465308e+02
   1.0523156e+02
   1.0578581e+02
   1.0578581e+02
   1.0645261e+02
   1.0709571e+02
   1.0771495e+02
   1.0831016e+02
   1.0888116e+02
   1.0942777e+02
   1.0942777e+02
   1.1008344e+02
   1.1071529e+02
   1.1132312e+02
   1.1190669e+02
   1.1246577e+02
   1.1300011e+02
   1.1300011e+02
   1.1364045e+02
   1.1425668e+02
   1.1484852e+02
   1.1541569e+02
   1.1595791e+02
   1.1647488e+02
   1.1647488e+02
   1.1709515e+02
   1.1769081e+02
   1.1826152e+02
   1.1880695e+02
   1.1932674e+02
   1.1982055e+02
   1.1982055e+02
   1.2041535e+02
   1.2098481e+02
   1.2152853e+02
   1.2204612e+02
   1.2253718e+02
   1.2300130e+02
   1.2300130e+02
   1.2356443e+02
   1.2410124e+02
   1.2461129e+02
   1.2509411e+02
   1.2554927e+02
   1.2597631e+02
   1.2597631e+02
   1.2650068e+02
   1.2699751e+02
   1.2746630e+02
   1.2790654e+02
   1.2831776e+02
   1.2869948e+02
   1.2869948e+02
   1.2917711e+02
   1.2962574e+02
   1.3004483e+02
   1.3043386e+02
   1.3079233e+02
   1.3111975e+02
   1.3111975e+02
   1.3154190e+02
   1.3193341e+02
   1.3229374e+02
   1.3262236e+02
   1.3291880e+02
   1.3318257e+02
   1.3318257e+02
   1.3354009e+02
   1.3386527e+02
   1.3415758e+02
   1.3441655e+02
   1.3464175e+02
   1.3483277e+02
   1.3483277e+02
   1.3511674e+02
   1.3536676e+02
   1.3558237e+02
   1.3576319e+02
   1.3590887e+02
   1.3601914e+02
   1.3601914e+02
   1.3622178e+02
   1.3638914e+02
   1.3652089e+02
   1.3661677e+02
   1.3667659e+02
   1.3670024e+02
   1.3670024e+02
   1.3681592e+02
   1.3689548e+02
   1.3693875e+02
   1.3694564e+02
   1.3691615e+02
   1.3685033e+02
   1.3685033e+02
   1.3687646e+02
   1.3686625e+02
   1.3681972e+02
   1.3673697e+02
   1.3661815e+02
   1.3646351e+02
   1.3646351e+02
   1.3640102e+02
   1.3630262e+02
   1.3616850e+02
   1.3599894e+02
   1.3579424e+02
   1.3555479e+02
   1.3555479e+02
   1.3540795e+02
   1.3522620e+02
   1.3500986e+02
   1.3475934e+02
   1.3447507e+02
   1.3415754e+02
   1.3415754e+02
   1.3393327e+02
   1.3367549e+02
   1.3338461e+02
   1.3306110e+02
   1.3270546e+02
   1.3231824e+02
   1.3231824e+02
   1.3202517e+02
   1.3170016e+02
   1.3134367e+02
   1.3095622e+02
   1.3053833e+02
   1.3009053e+02
   1.3009053e+02
   1.2973797e+02
   1.2935505e+02
   1.2894227e+02
   1.2850012e+02
   1.2802911e+02
   1.2752978e+02
   1.2752978e+02
   1.2712696e+02
   1.2669527e+02
   1.2623518e+02
   1.2574716e+02
   1.2523169e+02
   1.2468925e+02
   1.2468925e+02
   1.2424485e+02
   1.2377288e+02
   1.2327378e+02
   1.2274796e+02
   1.2219586e+02
   1.2161791e+02
   1.2161791e+02
   1.2113981e+02
   1.2063521e+02
   1.2010452e+02
   1.1954809e+02
   1.1896630e+02
   1.1835952e+02
   1.1835952e+02
   1.1785472e+02
   1.1732428e+02
   1.1676853e+02
   1.1618780e+02
   1.1558240e+02
   1.1495263e+02
   1.1495263e+02
   1.1442731e+02
   1.1387699e+02
   1.1330195e+02
   1.1270244e+02
   1.1207873e+02
   1.1143107e+02
   1.1143107e+02
   1.1089071e+02
   1.1032578e+02
   1.0973651e+02
   1.0912310e+02
   1.0848576e+02
   1.0782468e+02
   1.0782468e+02
   1.0727415e+02
   1.0669932e+02
   1.0610035e+02
   1.0547740e+02
   1.0483061e+02
   1.0416012e+02
   1.0416012e+02
   1.0360385e+02
   1.0302339e+02
   1.0241883e+02
   1.0179030e+02
   1.0113787e+02
   1.0046164e+02
   1.0046164e+02
   9.9903736e+01
   9.9321600e+01
   9.8715296e+01
   9.8084875e+01
   9.7430381e+01
   9.6751838e+01
   9.6751838e+01
   9.6196192e+01
   9.5616163e+01
   9.5011768e+01
   9.4383010e+01
   9.3729881e+01
   9.3052354e+01
   9.3052354e+01
   9.2502754e+01
   9.1928524e+01
   9.1329633e+01
   9.0706038e+01
   9.0057679e+01
   8.9384479e+01
   8.9384479e+01
   8.8844716e+01
   8.8279991e+01
   8.7690232e+01
   8.7075349e+01
   8.6435233e+01
   8.5769756e+01
   8.5769756e+01
   8.5243708e+01
   8.4692304e+01
   8.4115428e+01
   8.3512945e+01
   8.2884703e+01
   8.2230522e+01
   8.2230522e+01
   8.1722243e+01
   8.1188164e+01
   8.0628129e+01
   8.0041964e+01
   7.9429468e+01
   7.8790419e+01
   7.8790419e+01
   7.8304212e+01
   7.7791729e+01
   7.7252779e+01
   7.6687147e+01
   7.6094595e+01
   7.5474855e+01
   7.5474855e+01
   7.5015336e+01
   7.4529049e+01
   7.4015772e+01
   7.3475259e+01
   7.2907234e+01
   7.2311394e+01
   7.2311394e+01
   7.1883532e+01
   7.1428412e+01
   7.0945789e+01
   7.0435390e+01
   6.9896912e+01
   6.9330022e+01
   6.9330022e+01
   6.8939152e+01
   6.8520554e+01
   6.8073966e+01
   6.7599101e+01
   6.7095636e+01
   6.6563216e+01
   6.6563216e+01
   6.6215010e+01
   6.5838638e+01
   6.5433836e+01
   6.5000310e+01
   6.4537732e+01
   6.4045738e+01
   6.4045738e+01
   6.3746104e+01
   6.3417916e+01
   6.3060915e+01
   6.2674816e+01
   6.2259298e+01
   6.1814002e+01
   6.1814002e+01
   6.1568919e+01
   6.1294942e+01
   6.0991838e+01
   6.0659343e+01
   6.0297158e+01
   5.9904948e+01
   5.9904948e+01
   5.9720193e+01
   5.9506258e+01
   5.9262947e+01
   5.8990035e+01
   5.8687260e+01
   5.8354326e+01
   5.8354326e+01
   5.8235127e+01
   5.8086507e+01
   5.7908322e+01
   5.7700399e+01
   5.7462529e+01
   5.7194470e+01
   5.7194470e+01
   5.7145098e+01
   5.7066098e+01
   5.6957391e+01
   5.6818867e+01
   5.6650384e+01
   5.6451765e+01
   5.6451765e+01
   5.6475126e+01
   5.6468678e+01
   5.6432414e+01
   5.6366297e+01
   5.6270258e+01
   5.6144196e+01
   5.6144196e+01
   5.6241506e+01
   5.6308848e+01
   5.6346293e+01
   5.6353879e+01
   5.6331614e+01
   5.6279475e+01
   5.6279475e+01
   5.6450094e+01
   5.6590616e+01
   5.6701188e+01
   5.6781925e+01
   5.6832909e+01
   5.6854192e+01
   5.6854192e+01
   5.7095658e+01
   5.7306947e+01
   5.7488278e+01
   5.7639833e+01
   5.7761763e+01
   5.7854188e+01
   5.7854188e+01
   5.8162456e+01
   5.8440542e+01
   5.8688723e+01
   5.8907240e+01
   5.9096301e+01
   5.9256084e+01
   5.9256084e+01
   5.9625905e+01
   5.9965635e+01
   6.0275596e+01
   6.0556075e+01
   6.0807322e+01
   6.1029557e+01
   6.1029557e+01
   6.1454920e+01
   6.1850394e+01
   6.2216332e+01
   6.2553048e+01
   6.2860820e+01
   6.3139899e+01
   6.3139899e+01
   6.3614451e+01
   6.4059433e+01
   6.4475208e+01
   6.4862104e+01
   6.5220414e+01
   6.5550400e+01
   6.5550400e+01
   6.6067793e+01
   6.6556041e+01
   6.7015504e+01
   6.7446506e+01
   6.7849342e+01
   6.8224274e+01
   6.8224274e+01
   6.8778412e+01
   6.9303917e+01
   6.9801135e+01
   7.0270375e+01
   7.0711918e+01
   7.1126016e+01
   7.1126016e+01
   7.1711200e+01
   7.2268330e+01
   7.2797724e+01
   7.3299668e+01
   7.3774421e+01
   7.4222212e+01
   7.4222212e+01
   7.4816499e+01
   7.5383525e+01
   7.5923561e+01
   7.6436849e+01
   7.6923606e+01
   7.6923606e+01
   7.6923606e+01
   7.6923606e+01
   7.6923606e+01
   7.6923606e+01
   7.6923606e+01
   7.6923606e+01
   7.6923606e+01
   7.6923606e+01
   7.6923606e+01
   7.6923606e+01
   7.6923606e+01
   7.6923606e+01
   7.6923606e+01
   7.6923606e+01
   7.8167992e+01
   7.9385550e+01
   8.0577165e+01
   8.1743636e+01
   8.2885682e+01
   8.4003951e+01
   8.5099029e+01
   8.6171440e+01
   8.7221658e+01
   8.8250104e+01
   8.9257158e+01
   9.0243154e+01
   9.1208390e+01
   9.2153126e+01
   9.3077591e+01
   9.3981980e+01
   9.4866461e+01
   9.5731173e+01
   9.6576231e+01
   9.7401725e+01
   9.8207723e+01
   9.8994273e+01
   9.9761401e+01
   1.0050912e+02
   1.0123741e+02
   1.0194626e+02
   1.0263563e+02
   1.0263563e+02
   1.0263563e+02
   1.0263563e+02
   1.0263563e+02
   1.0263563e+02
   1.0263563e+02
   1.0263563e+02
   1.0263563e+02
   1.0263563e+02
   1.0263563e+02
   1.0263563e+02
   1.0263563e+02
   1.0263563e+02
   1.0263563e+02
   1.0263563e+02
   1.0314246e+02
   1.0362915e+02
   1.0409560e+02
   1.0454172e+02
   1.0496742e+02
   1.0537260e+02
   1.0575716e+02
   1.0612101e+02
   1.0646404e+02
   1.0678616e+02
   1.0708728e+02
   1.0736730e+02
   1.0762613e+02
   1.0786368e+02
   1.0807988e+02
   1.0827466e+02
   1.0844793e+02
   1.0859964e+02
   1.0872973e+02
   1.0883815e+02
   1.0892487e+02
   1.0898984e+02
   1.0903304e+02
   1.0905446e+02
   1.0905408e+02
   1.0903191e+02
   1.0898796e+02
   1.0892224e+02
   1.0883478e+02
   1.0872560e+02
   1.0859477e+02
   1.0844231e+02
   1.0826830e+02
   1.0807278e+02
   1.0785585e+02
   1.0761755e+02
   1.0735799e+02
   1.0707725e+02
   1.0677540e+02
   1.0645256e+02
   1.0610881e+02
   1.0574424e+02
   1.0535897e+02
   1.0495308e+02
   1.0452667e+02
   1.0407985e+02
   1.0361270e+02
   1.0312532e+02
   1.0261779e+02
   1.0209020e+02
   1.0154261e+02
   1.0097511e+02
   1.0038776e+02
   9.9780596e+01
   9.9153675e+01
   9.8507028e+01
   9.7840674e+01
   9.7154623e+01
   9.6448869e+01
   9.5723392e+01
   9.4978156e+01
   9.4213106e+01
   9.3428170e+01
   9.2623255e+01
   9.1798247e+01
   9.0953008e+01
   9.0087376e+01
   8.9201161e+01
   8.8294144e+01
   8.7366078e+01
   8.6416678e+01
   8.6416678e+01
   8.7984033e+01
   8.9529482e+01
   9.1054187e+01
   9.2559222e+01
   9.4045578e+01
   9.5514174e+01
   9.6965865e+01
   9.8401446e+01
   9.9821659e+01
   1.0122720e+02
   1.0261871e+02
   1.0399682e+02
   1.0536208e+02
   1.0671504e+02
   1.0805622e+02
   1.0938608e+02
   1.1070509e+02
   1.1201368e+02
   1.1331226e+02
   1.1460121e+02
   1.1588091e+02
   1.1715170e+02
   1.1841393e+02
   1.1966790e+02
   1.2091394e+02
   1.2215233e+02
   1.2338334e+02
   1.2460726e+02
   1.2582433e+02
   1.2703480e+02
   1.2823891e+02
   1.2943690e+02
   1.3062897e+02
   1.3181534e+02
   1.3299621e+02
   1.3417179e+02
   1.3534225e+02
   1.3650779e+02
   1.3766859e+02
   1.3882480e+02
   1.3997661e+02
   1.4112417e+02
   1.4226764e+02
   1.4340716e+02
   1.4454289e+02
   1.4567497e+02
   1.4680353e+02
   1.4792870e+02
   1.4905062e+02
   1.5016941e+02
   1.5016941e+02
   1.4961227e+02
   1.4902456e+02
   1.4840777e+02
   1.4776334e+02
   1.4709263e+02
   1.4639697e+02
   1.4567761e+02
   1.4493572e+02
   1.4417241e+02
   1.4338871e+02
   1.4258561e+02
   1.4176398e+02
   1.4092468e+02
   1.4006847e+02
   1.3919605e+02
   1.3830808e+02
   1.3740516e+02
   1.3648782e+02
   1.3555656e+02
   1.3461183e+02
   1.3365402e+02
   1.3268350e+02
   1.3170059e+02
   1.3070556e+02
   1.2969867e+02
   1.2868013e+02
   1.2765012e+02
   1.2660879e+02
   1.2555625e+02
   1.2449261e+02
   1.2341793e+02
   1.2233225e+02
   1.2123557e+02
   1.2012790e+02
   1.1900920e+02
   1.1787940e+02
   1.1673842e+02
   1.1558617e+02
   1.1442250e+02
   1.1324727e+02
   1.1206029e+02
   1.1086137e+02
   1.0965027e+02
   1.0842675e+02
   1.0719052e+02
   1.0594128e+02
   1.0467868e+02
   1.0340236e+02
   1.0211192e+02
   1.0080692e+02
   1.0080692e+02
   1.0197979e+02
   1.0313663e+02
   1.0427768e+02
   1.0540317e+02
   1.0651331e+02
   1.0760824e+02
   1.0868810e+02
   1.0975301e+02
   1.1080303e+02
   1.1183823e+02
   1.1285861e+02
   1.1386419e+02
   1.1485493e+02
   1.1583078e+02
   1.1679166e+02
   1.1773747e+02
   1.1866809e+02
   1.1958335e+02
   1.2048309e+02
   1.2136709e+02
   1.2223512e+02
   1.2308694e+02
   1.2392226e+02
   1.2474079e+02
   1.2554218e+02
   1.2632608e+02
   1.2709212e+02
   1.2783990e+02
   1.2856898e+02
   1.2927892e+02
   1.2996924e+02
   1.3063945e+02
   1.3128904e+02
   1.3191747e+02
   1.3252419e+02
   1.3310863e+02
   1.3367022e+02
   1.3420837e+02
   1.3472249e+02
   1.3521196e+02
   1.3567619e+02
   1.3611458e+02
   1.3652653e+02
   1.3691147e+02
   1.3726882e+02
   1.3759805e+02
   1.3789862e+02
   1.3817005e+02
   1.3841187e+02
   1.3862368e+02
   1.3880509e+02
   1.3895578e+02
   1.3907547e+02
   1.3916393e+02
   1.3922099e+02
   1.3924656e+02
   1.3924058e+02
   1.3920305e+02
   1.3913406e+02
   1.3903373e+02
   1.3890226e+02
   1.3873988e+02
   1.3854690e+02
   1.3832366e+02
   1.3807055e+02
   1.3778801e+02
   1.3747651e+02
   1.3713656e+02
   1.3676868e+02
   1.3637342e+02
   1.3595137e+02
   1.3595137e+02
   1.3595137e+02
   1.3595137e+02
   1.3595137e+02
   1.3595137e+02
   1.3595137e+02
   1.3595137e+02
   1.3595137e+02
   1.3595137e+02
   1.3595137e+02
   1.3595137e+02
   1.3595137e+02
   1.3595137e+02
   1.3595137e+02
   1.3595137e+02
   1.3708840e+02
   1.3821981e+02
   1.3934569e+02
   1.4046609e+02
   1.4158107e+02
   1.4269065e+02
   1.4379485e+02
   1.4489367e+02
   1.4598708e+02
   1.4707501e+02
   1.4815740e+02
   1.4923412e+02
   1.5030502e+02
   1.5136991e+02
   1.5242854e+02
   1.5348061e+02
   1.5452575e+02
   1.5556349e+02
   1.5659329e+02
   1.5761447e+02
   1.5862621e+02
   1.5962751e+02
   1.6061718e+02
   1.6159371e+02
   1.6255532e+02
   1.6349976e+02
   1.6442429e+02
   1.6532553e+02
   1.6619927e+02
   1.6704029e+02
   1.6784214e+02
   1.6859686e+02
   1.6929479e+02
   1.6992439e+02
   1.7047235e+02
   1.7092408e+02
   1.7126481e+02
   1.7148134e+02
   1.7156419e+02
   1.7150946e+02
   1.7131973e+02
   1.7100349e+02
   1.7057334e+02
   1.7004391e+02
   1.6942992e+02
   1.6874501e+02
   1.6800109e+02
   1.6720820e+02
   1.6637465e+02
   1.6550716e+02
   1.6461119e+02
   1.6369113e+02
   1.6275053e+02
   1.6179225e+02
   1.6081862e+02
   1.5983152e+02
   1.5883249e+02
   1.5782280e+02
   1.5680349e+02
   1.5577540e+02
   1.5473924e+02
   1.5369558e+02
   1.5264490e+02
   1.5158758e+02
   1.5052396e+02
   1.4945427e+02
   1.4837873e+02
   1.4729750e+02
   1.4621069e+02
   1.4511840e+02
   1.4402069e+02
   1.4291759e+02
   1.4180911e+02
   1.4069524e+02
   1.3957596e+02
   1.3845121e+02
   1.3732094e+02
   1.3618507e+02
   1.3504351e+02
   1.3389617e+02
   1.3274291e+02
   1.3158362e+02
   1.3041815e+02
   1.2924637e+02
   1.2806809e+02
   1.2688316e+02
   1.2569137e+02
   1.2449255e+02
   1.2328647e+02
   1.2207291e+02
   1.2085165e+02
   1.1962242e+02
   1.1838498e+02
   1.1713903e+02
   1.1588429e+02
   1.1462046e+02
   1.1334720e+02
   1.1206416e+02
   1.1077099e+02
   1.0946731e+02
   1.0815270e+02
   1.0682673e+02
   1.0548894e+02
   1.0413886e+02
   1.0277596e+02
   1.0139970e+02
   1.0000949e+02
   9.8604715e+01
   9.7184704e+01
   9.5748746e+01
   9.4296078e+01
   9.2825881e+01
   9.1337270e+01
   8.9829294e+01
   8.8300924e+01
   8.6751043e+01
   8.5178438e+01
   8.3581788e+01
   8.1959647e+01
   8.0310431e+01
   7.8632393e+01
   7.6923606e+01
   3.0000000e+00
   3.0769231e+00
   3.1538462e+00
   3.2307692e+00
   3.3076923e+00
   3.3846154e+00
   3.4615385e+00
   3.5384615e+00
   3.6153846e+00
   3.6923077e+00
   3.7692308e+00
   3.8461538e+00
   3.9230769e+00
   4.0000000e+00
   4.0000000e+00
   4.0000000e+00
   4.0000000e+00
   4.0000000e+00
   4.0000000e+00
   4.0000000e+00
   4.0000000e+00
   4.0000000e+00
   4.0000000e+00
   4.0000000e+00
   4.0000000e+00
   4.0000000e+00
   4.0000000e+00
   4.0000000e+00
   4.0000000e+00
   4.0000000e+00
   4.0000000e+00
   4.0000000e+00
   4.0000000e+00
   4.0000000e+00
   4.0000000e+00
   4.0000000e+00
   4.0000000e+00
   4.0000000e+00
   4.0000000e+00
   4.0000000e+00
   4.0000000e+00
   4.0000000e+00
   4.0000000e+00
   4.0000000e+00
   4.0000000e+00
   4.0000000e+00
   4.0000000e+00
   4.0000000e+00
   4.0000000e+00
   4.0000000e+00
   4.0000000e+00
   4.0000000e+00
   4.0000000e+00
   4.0000000e+00
   4.0000000e+00
   4.0000000e+00
   4.0000000e+00
   4.0000000e+00
   4.0000000e+00
   4.0000000e+00
   4.0000000e+00
   4.0000000e+00
   4.0000000e+00
   4.0000000e+00
   4.0000000e+00
   4.0000000e+00
   4.0000000e+00
   4.0000000e+00
   4.0000000e+00
   4.0000000e+00
   4.0000000e+00
   4.0000000e+00
   4.0000000e+00
   4.0000000e+00
   4.0000000e+00
   4.0000000e+00
   4.0000000e+00
   4.0000000e+00
   4.0000000e+00
   4.0000000e+00
   4.0000000e+00
   4.0000000e+00
   4.0000000e+00
   4.0000000e+00
   4.0000000e+00
   4.0000000e+00
   4.0000000e+00
   4.0000000e+00
   4.0000000e+00
   4.0000000e+00
   4.0000000e+00
   4.0000000e+00
   4.0000000e+00
   4.0000000e+00
   4.0000000e+00
   4.0000000e+00
   4.0000000e+00
   4.0000000e+00
   4.0000000e+00
   4.0000000e+00
   4.0000000e+00
   4.0000000e+00
   4.0000000e+00
   4.0000000e+00
   4.0000000e+00
   4.0000000e+00
   4.0000000e+00
   4.0000000e+00
   4.0000000e+00
   4.0000000e+00
   4.0000000e+00
   4.0000000e+00
   4.0000000e+00
   4.0000000e+00
   4.0000000e+00
   4.0000000e+00
   4.0000000e+00
   4.0000000e+00
   4.0000000e+00
   4.0000000e+00
   4.0000000e+00
   4.0000000e+00
   4.0000000e+00
   4.0000000e+00
   4.0000000e+00
   4.0000000e+00
   4.0000000e+00
   4.0000000e+00
   4.0000000e+00
   4.0000000e+00
   4.0000000e+00
   4.0000000e+00
   4.0000000e+00
   4.0000000e+00
   4.0000000e+00
   4.0000000e+00
   4.0000000e+00
   4.0000000e+00
   4.0000000e+00
   4.0000000e+00
   4.0000000e+00
   4.0000000e+00
   4.0000000e+00
   4.0000000e+00
   4.0000000e+00
   4.0000000e+00
   4.0000000e+00
   4.0000000e+00
   4.0000000e+00
   4.0000000e+00
   4.0000000e+00
   4.0000000e+00
   4.0000000e+00
   4.0000000e+00
   4.0000000e+00
   4.0000000e+00
   4.0000000e+00
   4.0000000e+00
   4.0000000e+00
   4.0000000e+00
   4.0000000e+00
   4.0000000e+00
   4.0000000e+00
   4.0000000e+00
   4.0000000e+00
   4.0000000e+00
   4.0000000e+00
   4.0000000e+00
   4.0000000e+00
   4.0000000e+00
   4.0000000e+00
   4.0000000e+00
   4.0000000e+00
   4.0000000e+00
   4.0000000e+00
   4.0000000e+00
   4.0000000e+00
   4.0000000e+00
   4.0000000e+00
   4.0000000e+00
   4.0000000e+00
   4.0000000e+00
   4.0000000e+00
   4.0000000e+00
   4.0000000e+00
   4.0000000e+00
   4.0000000e+00
   4.0000000e+00
   4.0000000e+00
   4.0000000e+00
   4.0000000e+00
   4.0000000e+00
   4.0000000e+00
   4.0000000e+00
   4.0000000e+00
   4.0000000e+00
   4.0000000e+00
   4.0000000e+00
   4.0000000e+00
   4.0000000e+00
   4.0000000e+00
   4.0000000e+00
   4.0000000e+00
   4.0000000e+00
   4.0000000e+00
   4.0000000e+00
   4.0000000e+00
   4.0000000e+00
   4.0000000e+00
   4.0000000e+00
   4.0000000e+00
   4.0000000e+00
   4.0000000e+00
   4.0000000e+00
   4.0000000e+00
   4.0000000e+00
   4.0000000e+00
   4.0000000e+00
   4.0000000e+00
   4.0000000e+00
   4.0000000e+00
   4.0000000e+00
   4.0000000e+00
   4.0000000e+00
   4.0000000e+00
   4.0000000e+00
   4.0000000e+00
   4.0000000e+00
   4.0000000e+00
   4.0000000e+00
   4.0000000e+00
   4.0000000e+00
   4.0000000e+00
   4.0000000e+00
   4.0000000e+00
   4.0000000e+00
   4.0000000e+00
   4.0000000e+00
   4.0000000e+00
   4.0000000e+00
   4.0000000e+00
   4.0000000e+00
   4.0000000e+00
   4.0000000e+00
   4.0000000e+00
   4.0000000e+00
   4.0000000e+00
   4.0000000e+00
   4.0000000e+00
   4.0000000e+00
   4.0000000e+00
   4.0000000e+00
   4.0000000e+00
   4.0000000e+00
   4.0000000e+00
   4.0000000e+00
   4.0000000e+00
   4.0000000e+00
   4.0000000e+00
   4.0000000e+00
   4.0000000e+00
   4.0000000e+00
   4.0000000e+00
   4.0000000e+00
   4.0000000e+00
   4.0000000e+00
   4.0000000e+00
   4.0000000e+00
   4.0000000e+00
   4.0000000e+00
   4.0000000e+00
   4.0000000e+00
   4.0000000e+00
   4.0000000e+00
   4.0000000e+00
   4.0000000e+00
   4.0000000e+00
   4.0000000e+00
   4.0000000e+00
   4.0000000e+00
   4.0000000e+00
   4.0000000e+00
   4.0000000e+00
   4.0000000e+00
   4.0000000e+00
   4.0000000e+00
   4.0000000e+00
   4.0000000e+00
   4.0000000e+00
   4.0000000e+00
   4.0000000e+00
   4.0000000e+00
   4.0000000e+00
   4.0000000e+00
   4.0000000e+00
   4.0000000e+00
   4.0000000e+00
   4.0000000e+00
   4.0000000e+00
   4.0000000e+00
   4.0000000e+00
   4.0000000e+00
   4.0000000e+00
   4.0000000e+00
   4.0000000e+00
   4.0000000e+00
   4.0000000e+00
   4.0000000e+00
   4.0000000e+00
   4.0000000e+00
   4.0000000e+00
   4.0000000e+00
   4.0000000e+00
   4.0000000e+00
   4.0000000e+00
   4.0000000e+00
   4.0000000e+00
   4.0000000e+00
   4.0000000e+00
   4.0000000e+00
   4.0000000e+00
   4.0000000e+00
   4.0000000e+00
   4.0000000e+00
   4.0000000e+00
   4.0000000e+00
   4.0000000e+00
   4.0000000e+00
   4.0000000e+00
   4.0000000e+00
   4.0000000e+00
   4.0000000e+00
   4.0000000e+00
   4.0000000e+00
   4.0000000e+00
   4.0000000e+00
   4.0000000e+00
   4.0000000e+00
   4.0000000e+00
   4.0000000e+00
   4.0000000e+00
   4.0000000e+00
   4.0000000e+00
   4.0000000e+00
   4.0000000e+00
   4.0000000e+00
   4.0000000e+00
   4.0000000e+00
   4.0000000e+00
   4.0000000e+00
   4.0000000e+00
   4.0000000e+00
   4.0000000e+00
   4.0000000e+00
   4.0000000e+00
   4.0000000e+00
   4.0000000e+00
   4.0000000e+00
   4.0000000e+00
   4.0000000e+00
   4.0000000e+00
   4.0000000e+00
   4.0000000e+00
   4.0000000e+00
   4.0000000e+00
   4.0000000e+00
   4.0000000e+00
   4.0000000e+00
   4.0000000e+00
   4.0000000e+00
   4.0000000e+00
   4.0000000e+00
   4.0000000e+00
   4.0000000e+00
   4.0000000e+00
   4.0000000e+00
   4.0000000e+00
   4.0000000e+00
   4.0000000e+00
   4.0000000e+00
   4.0000000e+00
   4.0000000e+00
   4.0000000e+00
   4.0000000e+00
   4.0000000e+00
   4.0000000e+00
   4.0000000e+00
   4.0000000e+00
   4.0000000e+00
   4.0000000e+00
   4.0000000e+00
   4.0000000e+00
   4.0000000e+00
   4.0000000e+00
   4.0000000e+00
   4.0000000e+00
   4.0000000e+00
   4.0000000e+00
   4.0000000e+00
   4.0000000e+00
   4.0000000e+00
   4.0000000e+00
   4.0000000e+00
   4.0000000e+00
   4.0000000e+00
   4.0000000e+00
   4.0000000e+00
   4.0000000e+00
   4.0000000e+00
   4.0000000e+00
   4.0000000e+00
   4.0000000e+00
   4.0000000e+00
   4.0000000e+00
   4.0000000e+00
   4.0000000e+00
   4.0000000e+00
   4.0000000e+00
   4.0000000e+00
   4.0000000e+00
   4.0000000e+00
   4.0000000e+00
   4.0000000e+00
   4.0000000e+00
   4.0000000e+00
   4.0000000e+00
   4.0000000e+00
   4.0000000e+00
   4.0000000e+00
   4.0000000e+00
   4.0000000e+00
   4.0000000e+00
   4.0000000e+00
   4.0000000e+00
   4.0000000e+00
   4.0000000e+00
   4.0000000e+00
   4.0000000e+00
   4.0000000e+00
   4.0000000e+00
   4.0000000e+00
   4.0000000e+00
   4.0000000e+00
   4.0000000e+00
   4.0000000e+00
   4.0000000e+00
   4.0000000e+00
   4.0000000e+00
   4.0000000e+00
   4.0000000e+00
   4.0000000e+00
   4.0000000e+00
   4.0000000e+00
   4.0000000e+00
   4.0000000e+00
   3.9230769e+00
   3.8461538e+00
   3.7692308e+00
   3.6923077e+00
   3.6153846e+00
   3.5384615e+00
   3.4615385e+00
   3.3846154e+00
   3.3076923e+00
   3.2307692e+00
   3.1538462e+00
   3.0769231e+00
   3.0000000e+00
   3.0000000e+00
   3.0000000e+00
   3.0000000e+00
   3.0000000e+00
   3.0000000e+00
   3.0000000e+00
   3.0000000e+00
   3.0000000e+00
   3.0000000e+00
   3.0000000e+00
   3.0000000e+00
   3.0000000e+00
   3.0000000e+00
   3.0000000e+00
   3.0000000e+00
   3.0000000e+00
   3.0000000e+00
   3.0000000e+00
   3.0000000e+00
   3.0000000e+00
   3.0000000e+00
   3.0000000e+00
   3.0000000e+00
   3.0000000e+00
   3.0000000e+00
   3.0000000e+00
   3.0000000e+00
   3.0000000e+00
   3.0000000e+00
   3.0769231e+00
   3.1538462e+00
   3.2307692e+00
   3.3076923e+00
   3.3846154e+00
   3.4615385e+00
   3.5384615e+00
   3.6153846e+00
   3.6923077e+00
   3.7692308e+00
   3.8461538e+00
   3.9230769e+00
   4.0000000e+00
   4.0000000e+00
   4.0000000e+00
   4.0000000e+00
   4.0000000e+00
   4.0000000e+00
   4.0000000e+00
   4.0000000e+00
   4.0000000e+00
   4.0000000e+00
   4.0000000e+00
   4.0000000e+00
   4.0000000e+00
   4.0000000e+00
   4.0000000e+00
   4.0000000e+00
   4.0000000e+00
   4.0000000e+00
   4.0000000e+00
   4.0000000e+00
   4.0000000e+00
   4.0000000e+00
   4.0000000e+00
   4.0000000e+00
   4.0000000e+00
   4.0000000e+00
   4.0000000e+00
   4.0000000e+00
   4.0000000e+00
   4.0000000e+00
   4.0000000e+00
   4.0000000e+00
   4.0000000e+00
   4.0000000e+00
   4.0000000e+00
   4.0000000e+00
   4.0000000e+00
   4.0000000e+00
   4.0000000e+00
   4.0000000e+00
   4.0000000e+00
   4.0000000e+00
   4.0000000e+00
   4.0000000e+00
   4.0000000e+00
   4.0000000e+00
   4.0000000e+00
   4.0000000e+00
   4.0000000e+00
   4.0000000e+00
   4.0000000e+00
   4.0000000e+00
   4.0000000e+00
   4.0000000e+00
   4.0000000e+00
   4.0000000e+00
   4.0000000e+00
   4.0000000e+00
   4.0000000e+00
   4.0000000e+00
   4.0000000e+00
   4.0000000e+00
   4.0000000e+00
   4.0000000e+00
   4.0000000e+00
   4.0000000e+00
   4.0000000e+00
   4.0000000e+00
   4.0000000e+00
   4.0000000e+00
   4.0000000e+00
   4.0000000e+00
   4.0000000e+00
   4.0000000e+00
   4.0000000e+00
   4.0000000e+00
   4.0000000e+00
   4.0000000e+00
   4.0000000e+00
   4.0000000e+00
   4.0000000e+00
   4.0000000e+00
   4.0000000e+00
   4.0000000e+00
   4.0000000e+00
   4.0000000e+00
   4.0000000e+00
   4.0000000e+00
   4.0000000e+00
   4.0000000e+00
   4.0000000e+00
   4.0000000e+00
   4.0000000e+00
   4.0000000e+00
   4.0000000e+00
   4.0000000e+00
   4.0000000e+00
   4.0000000e+00
   4.0000000e+00
   4.0000000e+00
   4.0000000e+00
   4.0000000e+00
   4.0000000e+00
   4.0000000e+00
   4.0000000e+00
   4.0000000e+00
   4.0000000e+00
   4.0000000e+00
   4.0000000e+00
   4.0000000e+00
   4.0000000e+00
   4.0000000e+00
   4.0000000e+00
   4.0000000e+00
   4.0000000e+00
   4.0000000e+00
   4.0000000e+00
   4.0000000e+00
   4.0000000e+00
   4.0000000e+00
   4.0000000e+00
   4.0000000e+00
   4.0000000e+00
   4.0000000e+00
   4.0000000e+00
   4.0000000e+00
   4.0000000e+00
   4.0000000e+00
   4.0000000e+00
   4.0000000e+00
   4.0000000e+00
   4.0000000e+00
   4.0000000e+00
   4.0000000e+00
   4.0000000e+00
   4.0000000e+00
   4.0000000e+00
   4.0000000e+00
   4.0000000e+00
   4.0000000e+00
   4.0000000e+00
   4.0000000e+00
   4.0000000e+00
   4.0000000e+00
   4.0000000e+00
   4.0000000e+00
   4.0000000e+00
   4.0000000e+00
   4.0000000e+00
   4.0000000e+00
   4.0000000e+00
   4.0000000e+00
   4.0000000e+00
   4.0000000e+00
   4.0000000e+00
   4.0000000e+00
   4.0000000e+00
   4.0000000e+00
   4.0000000e+00
   4.0000000e+00
   4.0000000e+00
   4.0000000e+00
   4.0000000e+00
   4.0000000e+00
   4.0000000e+00
   4.0000000e+00
   4.0000000e+00
   4.0000000e+00
   4.0000000e+00
   4.0000000e+00
   4.0000000e+00
   4.0000000e+00
   4.0000000e+00
   4.0000000e+00
   4.0000000e+00
   4.0000000e+00
   4.0000000e+00
   4.0000000e+00
   4.0000000e+00
   4.0000000e+00
   4.0000000e+00
   4.0000000e+00
   4.0000000e+00
   4.0000000e+00
   4.0000000e+00
   4.0000000e+00
   4.0000000e+00
   4.0000000e+00
   4.0000000e+00
   4.0000000e+00
   4.0000000e+00
   4.0000000e+00
   4.0000000e+00
   4.0000000e+00
   4.0000000e+00
   4.0000000e+00
   4.0000000e+00
   4.0000000e+00
   4.0000000e+00
   4.0000000e+00
   4.0000000e+00
   4.0000000e+00
   4.0000000e+00
   4.0000000e+00
   4.0000000e+00
   4.0000000e+00
   4.0000000e+00
   4.0000000e+00
   4.0000000e+00
   4.0000000e+00
   4.0000000e+00
   4.0000000e+00
   4.0000000e+00
   4.0000000e+00
   4.0000000e+00
   4.0000000e+00
   4.0000000e+00
   4.0000000e+00
   4.0000000e+00
   4.0000000e+00
   4.0000000e+00
   4.0000000e+00
   4.0000000e+00
   4.0000000e+00
   4.0000000e+00
   4.0000000e+00
   4.0000000e+00
   4.0000000e+00
   4.0000000e+00
   4.0000000e+00
   4.0000000e+00
   4.0000000e+00
   4.0000000e+00
   4.0000000e+00
   4.0000000e+00
   4.0000000e+00
   4.0000000e+00
   4.0000000e+00
   4.0000000e+00
   4.0000000e+00
   4.0000000e+00
   4.0000000e+00
   4.0000000e+00
   4.0000000e+00
   4.0000000e+00
   4.0000000e+00
   4.0000000e+00
   4.0000000e+00
   3.9230769e+00
   3.8461538e+00
   3.7692308e+00
   3.6923077e+00
   3.6153846e+00
   3.5384615e+00
   3.4615385e+00
   3.3846154e+00
   3.3076923e+00
   3.2307692e+00
   3.1538462e+00
   3.0769231e+00
   3.0000000e+00
   3.0000000e+00
   3.0000000e+00
   3.0000000e+00
   3.0000000e+00
   3.0000000e+00
   3.0000000e+00
   3.0000000e+00
   3.0000000e+00
   3.0000000e+00
   3.0000000e+00
   3.0000000e+00
   3.0000000e+00
   3.0000000e+00
   3.0000000e+00
   3.0000000e+00
   3.0000000e+00
   3.0000000e+00
   3.0000000e+00
   3.0000000e+00
   3.0000000e+00
   3.0000000e+00
   3.0000000e+00
   3.0000000e+00
   3.0000000e+00
   3.0000000e+00
   3.0000000e+00
   3.0000000e+00
   3.0000000e+00
   3.0000000e+00
   3.0000000e+00
   3.0000000e+00
   3.0000000e+00
   3.0000000e+00
   3.0000000e+00
   3.0000000e+00
   3.0000000e+00
   3.0000000e+00
   3.0000000e+00
   3.0000000e+00
   3.0000000e+00
   3.0000000e+00
   3.0000000e+00
   3.0000000e+00
   3.0000000e+00
   3.0000000e+00
   3.0000000e+00
   3.0000000e+00
   3.0000000e+00
   3.0000000e+00
   3.0000000e+00
   3.0000000e+00
   3.0000000e+00
   3.0000000e+00
   3.0000000e+00
   3.0000000e+00
   3.0000000e+00
   3.0000000e+00
   3.0000000e+00
   3.0000000e+00
   3.0000000e+00
   3.0000000e+00
   3.0000000e+00
   3.0000000e+00
   3.0000000e+00
   3.0000000e+00
   3.0000000e+00
   3.0000000e+00
   3.0000000e+00
   3.0000000e+00
   3.0000000e+00
   3.0000000e+00
   3.0000000e+00
   3.0000000e+00
   3.0000000e+00
   3.0000000e+00
   3.0000000e+00
   3.0000000e+00
   3.0000000e+00
   3.0000000e+00
   3.0000000e+00
   3.0000000e+00
   3.0000000e+00
   3.0000000e+00
   3.0000000e+00
   3.0000000e+00
   3.0000000e+00
   3.0000000e+00
   3.0000000e+00
   3.0000000e+00
   3.0000000e+00
   3.0000000e+00
   3.0000000e+00
   3.0000000e+00
   3.0000000e+00
   3.0000000e+00
   3.0000000e+00
   3.0000000e+00
   3.0000000e+00
   3.0000000e+00
   3.0000000e+00
   3.0000000e+00
   3.0000000e+00
   3.0000000e+00
   3.0000000e+00
   3.0000000e+00
   3.0000000e+00
   3.0000000e+00
   3.0000000e+00
   3.0000000e+00
   3.0000000e+00
   3.0000000e+00
   3.0000000e+00
   3.0000000e+00
   3.0000000e+00
   3.0000000e+00
   3.0000000e+00
   3.0000000e+00
   3.0000000e+00
   3.0000000e+00
   3.0000000e+00
   3.0000000e+00
   3.0000000e+00
   3.0000000e+00
  -2.1762559e+01
  -2.1762559e+01
  -2.1762559e+01
  -2.1762559e+01
  -2.1762559e+01
  -2.1762559e+01
  -2.1762559e+01
  -2.1762559e+01
  -2.1762559e+01
  -2.1762559e+01
  -2.1762559e+01
  -2.1762559e+01
  -2.1762559e+01
  -2.1762559e+01
  -2.1762559e+01
  -2.2798051e+01
  -2.3826337e+01
  -2.4847385e+01
  -2.5861140e+01
  -2.6867524e+01
  -2.7866436e+01
  -2.7866436e+01
  -2.8922316e+01
  -2.9971997e+01
  -3.1015430e+01
  -3.2052541e+01
  -3.3083235e+01
  -3.4107393e+01
  -3.4107393e+01
  -3.5183592e+01
  -3.6254637e+01
  -3.7320459e+01
  -3.8380967e+01
  -3.9436044e+01
  -4.0485552e+01
  -4.0485552e+01
  -4.1582430e+01
  -4.2675234e+01
  -4.3763876e+01
  -4.4848244e+01
  -4.5928198e+01
  -4.7003580e+01
  -4.7003580e+01
  -4.8121936e+01
  -4.9237333e+01
  -5.0349662e+01
  -5.1458788e+01
  -5.2564550e+01
  -5.3666763e+01
  -5.3666763e+01
  -5.4807847e+01
  -5.5947123e+01
  -5.7084457e+01
  -5.8219691e+01
  -5.9352640e+01
  -6.0483088e+01
  -6.0483088e+01
  -6.1648622e+01
  -6.2813530e+01
  -6.3977658e+01
  -6.5140818e+01
  -6.6302796e+01
  -6.7463345e+01
  -6.7463345e+01
  -6.8655537e+01
  -6.9848322e+01
  -7.1041516e+01
  -7.2234900e+01
  -7.3428225e+01
  -7.4621206e+01
  -7.4621206e+01
  -7.5842773e+01
  -7.7066178e+01
  -7.8291203e+01
  -7.9517592e+01
  -8.0745053e+01
  -8.1973253e+01
  -8.1973253e+01
  -8.3227416e+01
  -8.4484679e+01
  -8.5744780e+01
  -8.7007416e+01
  -8.8272238e+01
  -8.9538856e+01
  -8.9538856e+01
  -9.0829312e+01
  -9.2124120e+01
  -9.3422964e+01
  -9.4725475e+01
  -9.6031234e+01
  -9.7339772e+01
  -9.7339772e+01
  -9.8670597e+01
  -1.0000698e+02
  -1.0134851e+02
  -1.0269476e+02
  -1.0404519e+02
  -1.0539925e+02
  -1.0539925e+02
  -1.0677470e+02
  -1.0815678e+02
  -1.0954499e+02
  -1.1093875e+02
  -1.1233744e+02
  -1.1374032e+02
  -1.1374032e+02
  -1.1516446e+02
  -1.1659607e+02
  -1.1803449e+02
  -1.1947900e+02
  -1.2092877e+02
  -1.2238292e+02
  -1.2238292e+02
  -1.2385902e+02
  -1.2534300e+02
  -1.2683402e+02
  -1.2833112e+02
  -1.2983328e+02
  -1.3133933e+02
  -1.3133933e+02
  -1.3286893e+02
  -1.3440616e+02
  -1.3594994e+02
  -1.3749904e+02
  -1.3905212e+02
  -1.4060776e+02
  -1.4060776e+02
  -1.4218938e+02
  -1.4377747e+02
  -1.4537060e+02
  -1.4696723e+02
  -1.4856567e+02
  -1.5016415e+02
  -1.5016415e+02
  -1.5179185e+02
  -1.5342364e+02
  -1.5505769e+02
  -1.5669210e+02
  -1.5832483e+02
  -1.5995374e+02
  -1.5995374e+02
  -1.6161576e+02
  -1.6327806e+02
  -1.6493844e+02
  -1.6659464e+02
  -1.6824428e+02
  -1.6988494e+02
  -1.6988494e+02
  -1.7156309e+02
  -1.7323631e+02
  -1.7490214e+02
  -1.7655802e+02
  -1.7820138e+02
  -1.7982961e+02
  -1.7982961e+02
  -1.8150001e+02
  -1.8315932e+02
  -1.8480487e+02
  -1.8643405e+02
  -1.8804422e+02
  -1.8963280e+02
  -1.8963280e+02
  -1.9126845e+02
  -1.9288650e+02
  -1.9448436e+02
  -1.9605949e+02
  -1.9760944e+02
  -1.9913185e+02
  -1.9913185e+02
  -2.0070633e+02
  -2.0225724e+02
  -2.0378221e+02
  -2.0527900e+02
  -2.0674550e+02
  -2.0817972e+02
  -2.0817972e+02
  -2.0967103e+02
  -2.1113398e+02
  -2.1256660e+02
  -2.1396704e+02
  -2.1533362e+02
  -2.1666480e+02
  -2.1666480e+02
  -2.1805792e+02
  -2.1941947e+02
  -2.2074788e+02
  -2.2204175e+02
  -2.2329983e+02
  -2.2452102e+02
  -2.2452102e+02
  -2.2580866e+02
  -2.2706304e+02
  -2.2828303e+02
  -2.2946760e+02
  -2.3061588e+02
  -2.3172714e+02
  -2.3172714e+02
  -2.3290883e+02
  -2.3405689e+02
  -2.3517050e+02
  -2.3624898e+02
  -2.3729174e+02
  -2.3829832e+02
  -2.3829832e+02
  -2.3937868e+02
  -2.4042597e+02
  -2.4143964e+02
  -2.4241920e+02
   1.1663569e+02
   1.1572532e+02
   1.1572532e+02
   1.1473845e+02
   1.1378350e+02
   1.1286087e+02
   1.1197084e+02
   1.1111366e+02
   1.1028946e+02
   1.1028946e+02
   1.0938664e+02
   1.0851429e+02
   1.0767268e+02
   1.0686201e+02
   1.0608242e+02
   1.0533400e+02
   1.0533400e+02
   1.0450531e+02
   1.0370553e+02
   1.0293484e+02
   1.0219341e+02
   1.0148132e+02
   1.0079863e+02
   1.0079863e+02
   1.0003439e+02
   9.9297505e+01
   9.8588134e+01
   9.7906400e+01
   9.7252379e+01
   9.6626114e+01
   9.6626114e+01
   9.5917265e+01
   9.5234311e+01
   9.4577398e+01
   9.3946639e+01
   9.3342113e+01
   9.2763869e+01
   9.2763869e+01
   9.2102141e+01
   9.1464978e+01
   9.0852525e+01
   9.0264899e+01
   8.9702189e+01
   8.9164464e+01
   8.9164464e+01
   8.8542405e+01
   8.7943723e+01
   8.7368569e+01
   8.6817073e+01
   8.6289346e+01
   8.5785479e+01
   8.5785479e+01
   8.5196399e+01
   8.4629649e+01
   8.4085394e+01
   8.3563783e+01
   8.3064949e+01
   8.2589010e+01
   8.2589010e+01
   8.2026893e+01
   8.1486193e+01
   8.0967092e+01
   8.0469763e+01
   7.9994361e+01
   7.9541036e+01
   7.9541036e+01
   7.9000431e+01
   7.8480452e+01
   7.7981303e+01
   7.7503176e+01
   7.7046258e+01
   7.6610724e+01
   7.6610724e+01
   7.6086637e+01
   7.5582494e+01
   7.5098519e+01
   7.4634930e+01
   7.4191938e+01
   7.3769750e+01
   7.3769750e+01
   7.3257537e+01
   7.2764680e+01
   7.2291424e+01
   7.1838010e+01
   7.1404677e+01
   7.0991660e+01
   7.0991660e+01
   7.0486930e+01
   7.0001048e+01
   6.9534277e+01
   6.9086882e+01
   6.8659127e+01
   6.8251276e+01
   6.8251276e+01
   6.7749804e+01
   6.7266735e+01
   6.6802351e+01
   6.6356937e+01
   6.5930781e+01
   6.5524174e+01
   6.5524174e+01
   6.5021825e+01
   6.4537482e+01
   6.4071446e+01
   6.3624018e+01
   6.3195509e+01
   6.2786232e+01
   6.2786232e+01
   6.2278900e+01
   6.1789214e+01
   6.1317487e+01
   6.0864036e+01
   6.0429187e+01
   6.0013274e+01
   6.0013274e+01
   5.9496844e+01
   5.8997722e+01
   5.8516228e+01
   5.8052689e+01
   5.7607444e+01
   5.7180841e+01
   5.7180841e+01
   5.6651179e+01
   5.6138493e+01
   5.5643109e+01
   5.5165357e+01
   5.4705583e+01
   5.4264141e+01
   5.4264141e+01
   5.3717109e+01
   5.3186724e+01
   5.2673306e+01
   5.2177183e+01
   5.1698699e+01
   5.1238209e+01
   5.1238209e+01
   5.0669739e+01
   5.0117578e+01
   4.9582032e+01
   4.9063423e+01
   4.8562083e+01
   4.8078360e+01
   4.8078360e+01
   4.7484562e+01
   4.6906723e+01
   4.6345131e+01
   4.5800089e+01
   4.5271912e+01
   4.4760929e+01
   4.4760929e+01
   4.4138252e+01
   4.3531174e+01
   4.2939955e+01
   4.2364873e+01
   4.1806217e+01
   4.1264294e+01
   4.1264294e+01
   4.0609715e+01
   3.9970363e+01
   3.9346470e+01
   3.8738278e+01
   3.8146047e+01
   3.7570050e+01
   3.7570050e+01
   3.6881262e+01
   3.6207325e+01
   3.5548431e+01
   3.4904787e+01
   3.4276618e+01
   3.3664160e+01
   3.3664160e+01
   3.2939723e+01
   3.2229750e+01
   3.1534396e+01
   3.0853828e+01
   3.0188232e+01
   2.9537808e+01
   2.9537808e+01
   2.8777219e+01
   2.8030694e+01
   2.7298346e+01
   2.6580306e+01
   2.5876721e+01
   2.5187756e+01
   2.5187756e+01
   2.4391421e+01
   2.3608722e+01
   2.2839733e+01
   2.2084551e+01
   2.1343289e+01
   2.0616078e+01
   2.0616078e+01
   1.9785180e+01
   1.8967445e+01
   1.8162918e+01
   1.7371663e+01
   1.6593765e+01
   1.5829327e+01
   1.5829327e+01
   1.4965623e+01
   1.4114552e+01
   1.3276134e+01
   1.2450410e+01
   1.1637443e+01
   1.0837314e+01
   1.0837314e+01
   9.9428988e+00
   9.0605194e+00
   8.1901783e+00
   7.3319009e+00
   6.4857343e+00
   5.6517450e+00
   5.6517450e+00
   4.7288292e+00
   3.8172782e+00
   2.9170857e+00
   2.0282685e+00
   1.1508658e+00
   2.8493696e-01
   2.8493696e-01
  -6.6434471e-01
  -1.6030048e+00
  -2.5310519e+00
  -3.4484703e+00
  -4.3552220e+00
  -5.2512486e+00
  -5.2512486e+00
  -6.2249779e+00
  -7.1888970e+00
  -8.1430101e+00
  -9.0872970e+00
  -1.0021715e+01
  -1.0946201e+01
  -1.0946201e+01
  -1.1942772e+01
  -1.2930405e+01
  -1.3909094e+01
  -1.4878812e+01
  -1.5839505e+01
  -1.6791100e+01
  -1.6791100e+01
  -1.7801633e+01
  -1.8804086e+01
  -1.9798430e+01
  -2.0784612e+01
  -2.1762559e+01
  -2.1762559e+01
  -2.1762559e+01
  -2.1762559e+01
  -2.1762559e+01
  -2.1762559e+01
  -2.1762559e+01
  -2.1762559e+01
  -2.1762559e+01
  -2.1762559e+01
  -2.1762559e+01
  -2.1762559e+01
  -2.1762559e+01
  -2.1762559e+01
  -2.1762559e+01
  -2.1762559e+01
  -2.2875734e+01
  -2.3984137e+01
  -2.5088363e+01
  -2.6188961e+01
  -2.7286445e+01
  -2.8381288e+01
  -2.9473933e+01
  -3.0564791e+01
  -3.1654245e+01
  -3.2742648e+01
  -3.3830333e+01
  -3.4917603e+01
  -3.6004742e+01
  -3.7092009e+01
  -3.8179642e+01
  -3.9267858e+01
  -4.0356852e+01
  -4.1446800e+01
  -4.2537855e+01
  -4.3630151e+01
  -4.4723801e+01
  -4.5818898e+01
  -4.6915512e+01
  -4.8013693e+01
  -4.9113470e+01
  -5.0214848e+01
  -5.1317813e+01
  -5.1317813e+01
  -5.1317813e+01
  -5.1317813e+01
  -5.1317813e+01
  -5.1317813e+01
  -5.1317813e+01
  -5.1317813e+01
  -5.1317813e+01
  -5.1317813e+01
  -5.1317813e+01
  -5.1317813e+01
  -5.1317813e+01
  -5.1317813e+01
  -5.1317813e+01
  -5.1317813e+01
  -5.0759730e+01
  -5.0182657e+01
  -4.9586744e+01
  -4.8972158e+01
  -4.8339084e+01
  -4.7687726e+01
  -4.7018302e+01
  -4.6331054e+01
  -4.5626240e+01
  -4.4904137e+01
  -4.4165042e+01
  -4.3409270e+01
  -4.2637156e+01
  -4.1849051e+01
  -4.1045325e+01
  -4.0226367e+01
  -3.9392578e+01
  -3.8544380e+01
  -3.7682204e+01
  -3.6806499e+01
  -3.5917723e+01
  -3.5016347e+01
  -3.4102850e+01
  -3.3177721e+01
  -3.2241454e+01
  -3.1294549e+01
  -3.0337508e+01
  -2.9370837e+01
  -2.8395041e+01
  -2.7410623e+01
  -2.6418085e+01
  -2.5417921e+01
  -2.4410622e+01
  -2.3396670e+01
  -2.2376538e+01
  -2.1350687e+01
  -2.0319569e+01
  -1.9283620e+01
  -1.8243263e+01
  -1.7198906e+01
  -1.6150940e+01
  -1.5099739e+01
  -1.4045660e+01
  -1.2989039e+01
  -1.1930195e+01
  -1.0869427e+01
  -9.8070120e+00
  -8.7432088e+00
  -7.6782543e+00
  -6.6123644e+00
  -5.5457344e+00
  -4.4785379e+00
  -3.4109279e+00
  -2.3430358e+00
  -1.2749720e+00
  -2.0682608e-01
   8.6133357e-01
   1.9294593e+00
   2.9975242e+00
   4.0655219e+00
   5.1334669e+00
   6.2013939e+00
   7.2693582e+00
   8.3374357e+00
   9.4057229e+00
   1.0474337e+01
   1.1543416e+01
   1.2613120e+01
   1.3683630e+01
   1.4755149e+01
   1.5827904e+01
   1.5827904e+01
   1.5057885e+01
   1.4299182e+01
   1.3551228e+01
   1.2813502e+01
   1.2085525e+01
   1.1366854e+01
   1.0657081e+01
   9.9558263e+00
   9.2627402e+00
   8.5774971e+00
   7.8997946e+00
   7.2293519e+00
   6.5659082e+00
   5.9092206e+00
   5.2590636e+00
   4.6152278e+00
   3.9775187e+00
   3.3457560e+00
   2.7197731e+00
   2.0994161e+00
   1.4845437e+00
   8.7502648e-01
   2.7074667e-01
  -3.2840206e-01
  -9.2251482e-01
  -1.5116755e+00
  -2.0959568e+00
  -2.6754203e+00
  -3.2501157e+00
  -3.8200813e+00
  -4.3853431e+00
  -4.9459142e+00
  -5.5017945e+00
  -6.0529697e+00
  -6.5994103e+00
  -7.1410705e+00
  -7.6778867e+00
  -8.2097761e+00
  -8.7366346e+00
  -9.2583343e+00
  -9.7747212e+00
  -1.0285612e+01
  -1.0790790e+01
  -1.1290000e+01
  -1.1782944e+01
  -1.2269276e+01
  -1.2748590e+01
  -1.3220415e+01
  -1.3684202e+01
  -1.4139309e+01
  -1.4139309e+01
  -1.2055573e+01
  -1.0021750e+01
  -8.0381487e+00
  -6.1046441e+00
  -4.2207404e+00
  -2.3856341e+00
  -5.9827131e-01
   1.1426014e+00
   2.8383910e+00
   4.4906185e+00
   6.1008845e+00
   7.6708407e+00
   9.2021657e+00
   1.0696545e+01
   1.2155654e+01
   1.3581149e+01
   1.4974650e+01
   1.6337742e+01
   1.7671962e+01
   1.8978798e+01
   2.0259688e+01
   2.1516015e+01
   2.2749111e+01
   2.3960252e+01
   2.5150663e+01
   2.6321518e+01
   2.7473941e+01
   2.8609007e+01
   2.9727748e+01
   3.0831148e+01
   3.1920155e+01
   3.2995673e+01
   3.4058572e+01
   3.5109688e+01
   3.6149823e+01
   3.7179748e+01
   3.8200210e+01
   3.9211928e+01
   4.0215597e+01
   4.1211893e+01
   4.2201469e+01
   4.3184965e+01
   4.4163003e+01
   4.5136192e+01
   4.6105132e+01
   4.7070409e+01
   4.8032607e+01
   4.8992302e+01
   4.9950066e+01
   5.0906471e+01
   5.0906471e+01
   5.0791466e+01
   5.0696461e+01
   5.0621718e+01
   5.0567529e+01
   5.0534214e+01
   5.0522122e+01
   5.0531630e+01
   5.0563140e+01
   5.0617085e+01
   5.0693921e+01
   5.0794131e+01
   5.0918226e+01
   5.1066737e+01
   5.1240224e+01
   5.1439268e+01
   5.1664472e+01
   5.1916460e+01
   5.2195877e+01
   5.2503386e+01
   5.2839665e+01
   5.3205407e+01
   5.3601315e+01
   5.4028101e+01
   5.4486485e+01
   5.4977185e+01
   5.5500916e+01
   5.6058389e+01
   5.6650298e+01
   5.7277321e+01
   5.7940110e+01
   5.8639286e+01
   5.9375428e+01
   6.0149069e+01
   6.0960686e+01
   6.1810689e+01
   6.2699415e+01
   6.3627116e+01
   6.4593947e+01
   6.5599962e+01
   6.6645098e+01
   6.7729171e+01
   6.8851863e+01
   7.0012715e+01
   7.1211123e+01
   7.2446329e+01
   7.3717418e+01
   7.5023317e+01
   7.6362794e+01
   7.7734460e+01
   7.9136774e+01
   8.0568051e+01
   8.2026471e+01
   8.3510088e+01
   8.5016848e+01
   8.6544604e+01
   8.8091132e+01
   8.9654154e+01
   9.1231351e+01
   9.2820392e+01
   9.4418949e+01
   9.6024718e+01
   9.7635442e+01
   9.9248923e+01
   1.0086304e+02
   1.0247578e+02
   1.0408521e+02
   1.0568955e+02
   1.0728710e+02
   1.0887633e+02
   1.1045582e+02
  -2.4797569e+02
  -2.4797569e+02
  -2.4797569e+02
  -2.4797569e+02
  -2.4797569e+02
  -2.4797569e+02
  -2.4797569e+02
  -2.4797569e+02
  -2.4797569e+02
  -2.4797569e+02
  -2.4797569e+02
  -2.4797569e+02
  -2.4797569e+02
  -2.4797569e+02
  -2.4797569e+02
  -2.4797569e+02
   1.1116691e+02
   1.1029740e+02
   1.0941456e+02
   1.0851706e+02
   1.0760346e+02
   1.0667215e+02
   1.0572135e+02
   1.0474908e+02
   1.0375315e+02
   1.0273110e+02
   1.0168016e+02
   1.0059725e+02
   9.9478835e+01
   9.8320952e+01
   9.7119069e+01
   9.5868010e+01
   9.4561838e+01
   9.3193714e+01
   9.1755729e+01
   9.0238703e+01
   8.8631937e+01
   8.6922914e+01
   8.5096946e+01
   8.3136743e+01
   8.1021914e+01
   7.8728391e+01
   7.6227789e+01
   7.3486759e+01
   7.0466424e+01
   6.7122100e+01
   6.3403658e+01
   5.9257127e+01
   5.4628446e+01
   4.9470540e+01
   4.3754821e+01
   3.7487177e+01
   3.0725803e+01
   2.3594136e+01
   1.6279216e+01
   9.0089136e+00
   2.0123187e+00
  -4.5210667e+00
  -1.0466599e+01
  -1.5768035e+01
  -2.0424914e+01
  -2.4473808e+01
  -2.7971011e+01
  -3.0979909e+01
  -3.3563173e+01
  -3.5778645e+01
  -3.7677639e+01
  -3.9304608e+01
  -4.0697541e+01
  -4.1888652e+01
  -4.2905165e+01
  -4.3770066e+01
  -4.4502777e+01
  -4.5119746e+01
  -4.5634939e+01
  -4.6060254e+01
  -4.6405862e+01
  -4.6680493e+01
  -4.6891665e+01
  -4.7045878e+01
  -4.7148769e+01
  -4.7205249e+01
  -4.7219607e+01
  -4.7195602e+01
  -4.7136539e+01
  -4.7045331e+01
  -4.6924554e+01
  -4.6776491e+01
  -4.6603172e+01
  -4.6406401e+01
  -4.6187790e+01
  -4.5948778e+01
  -4.5690656e+01
  -4.5414577e+01
  -4.5121578e+01
  -4.4812591e+01
  -4.4488450e+01
  -4.4149909e+01
  -4.3797641e+01
  -4.3432254e+01
  -4.3054292e+01
  -4.2664243e+01
  -4.2262543e+01
  -4.1849580e+01
  -4.1425700e+01
  -4.0991208e+01
  -4.0546371e+01
  -4.0091422e+01
  -3.9626562e+01
  -3.9151962e+01
  -3.8667760e+01
  -3.8174071e+01
  -3.7670981e+01
  -3.7158551e+01
  -3.6636817e+01
  -3.6105791e+01
  -3.5565460e+01
  -3.5015789e+01
  -3.4456717e+01
  -3.3888160e+01
  -3.3310009e+01
  -3.2722131e+01
  -3.2124366e+01
  -3.1516528e+01
  -3.0898401e+01
  -3.0269740e+01
  -2.9630269e+01
  -2.8979677e+01
  -2.8317617e+01
  -2.7643703e+01
  -2.6957503e+01
  -2.6258542e+01
  -2.5546287e+01
  -2.4820151e+01
  -2.4079480e+01
  -2.3323547e+01
  -2.2551541e+01
  -2.1762559e+01
